 0
  -1.00000000    
          50
   164.306534    
   5.16658872E-02
  0.914319038    
   4.25649977    
  0.279464036    
   1318822.75    
   2.26108134E+13
   4.92754384E+13
  0.541134238    
  -1.00000000               1   164.306534       142.623169       209.734238    
  -1.00000000              51   134.100906       121.404213       158.994522    
  -1.00000000             101   129.449326       118.041206       151.537735    
  -1.00000000             151   126.787384       116.103058       147.316696    
  -1.00000000             201   124.927536       114.742699       144.388092    
  -1.00000000             251   123.501877       113.696106       142.154938    
  -1.00000000             301   122.348175       112.846809       140.355347    
  -1.00000000             351   121.380600       112.132988       138.851013    
  -1.00000000             401   120.548294       111.517685       137.560883    
  -1.00000000             451   119.818665       110.977066       136.433136    
  -1.00000000             501   119.169556       110.495415       135.432144    
  -1.00000000             551   118.585289       110.061401       134.532837    
  -1.00000000             601   118.054306       109.666229       133.717285    
  -1.00000000             651   117.567879       109.303917       132.971283    
  -1.00000000             701   117.119247       108.969124       132.284683    
  -1.00000000             751   116.703087       108.658371       131.648590    
  -1.00000000             801   116.315102       108.368256       131.056580    
  -1.00000000             851   115.951782       108.096428       130.502823    
  -1.00000000             901   115.610260       107.840721       129.982803    
  -1.00000000             951   115.288101       107.599091       129.493134    
  -1.00000000            1000   114.989235       107.374924       129.039185    
  -1.00000000           10000   102.091904       97.4780807       109.977989    
  -1.00000000           20000   98.5004730       94.6101990       104.890633    
  -1.00000000           30000   96.4584732       92.9426880       102.056473    
  -1.00000000           40000   95.0353851       91.7596207       100.111557    
  -1.00000000           50000   93.9460220       90.8394470       98.6425629    
  -1.00000000           60000   93.0652161       90.0852890       97.4682617    
  -1.00000000           70000   92.3269577       89.4443436       96.4952164    
  -1.00000000           80000   91.6921844       88.8872681       95.6661530    
  -1.00000000           90000   91.1359024       88.3926468       94.9472580    
  -1.00000000          100000   90.6411438       87.9480133       94.3136292    
  -1.00000000          110000   90.1959000       87.5438156       93.7483749    
  -1.00000000          120000   89.7913284       87.1734085       93.2384033    
  -1.00000000          130000   89.4207687       86.8304062       92.7757645    
  -1.00000000          140000   89.0790482       86.5113297       92.3522644    
  -1.00000000          150000   88.7620773       86.2132339       91.9619446    
  -1.00000000          160000   88.4666061       85.9326019       91.6012039    
  -1.00000000          170000   88.1899414       85.6682663       91.2654037    
  -1.00000000          180000   87.9298859       85.4172821       90.9524994    
  -1.00000000          190000   87.6846085       85.1791916       90.6589279    
  -1.00000000          200000   87.4525452       84.9523239       90.3830719    
  -1.00000000          210000   87.2323685       84.7360153       90.1225586    
  -1.00000000          220000   87.0229568       84.5285645       89.8767776    
  -1.00000000          230000   86.8233261       84.3298645       89.6434555    
  -1.00000000          240000   86.6326141       84.1390686       89.4217300    
  -1.00000000          250000   86.4500961       83.9551315       89.2109909    
  -1.00000000          260000   86.2750854       83.7776184       89.0102463    
  -1.00000000          270000   86.1070328       83.6066132       88.8180466    
  -1.00000000          280000   85.9453888       83.4416275       88.6338348    
  -1.00000000          290000   85.7897034       83.2816162       88.4575729    
  -1.00000000          300000   85.6395721       83.1267242       88.2883072    
  -1.00000000          310000   85.4946213       82.9759979       88.1261063    
  -1.00000000          320000   85.3544922       82.8303528       87.9693527    
  -1.00000000          330000   85.2188950       82.6879883       87.8192215    
  -1.00000000          340000   85.0875549       82.5506287       87.6733322    
  -1.00000000          350000   84.9602203       82.4164352       87.5328827    
  -1.00000000          360000   84.8366547       82.2857590       87.3971863    
  -1.00000000          370000   84.7166519       82.1583099       87.2659912    
  -1.00000000          380000   84.5999985       82.0338745       87.1390076    
  -1.00000000          390000   84.4865417       81.9123535       87.0161285    
  -1.00000000          400000   84.3760986       81.7940140       86.8965912    
  -1.00000000          410000   84.2685242       81.6788940       86.7799606    
  -1.00000000          420000   84.1636734       81.5657043       86.6673889    
  -1.00000000          430000   84.0614090       81.4550476       86.5579605    
  -1.00000000          440000   83.9616241       81.3467026       86.4514847    
  -1.00000000          450000   83.8641968       81.2408905       86.3476791    
  -1.00000000          460000   83.7690201       81.1367035       86.2470779    
  -1.00000000          470000   83.6759872       81.0352554       86.1483459    
  -1.00000000          480000   83.5850296       80.9357986       86.0521545    
  -1.00000000          490000   83.4960251       80.8379517       85.9586716    
  -1.00000000          500000   83.4089203       80.7420654       85.8672409    
  -1.00000000          510000   83.3236237       80.6480789       85.7777710    
  -1.00000000          520000   83.2400742       80.5555115       85.6907730    
  -1.00000000          530000   83.1581879       80.4647522       85.6056213    
  -1.00000000          540000   83.0779266       80.3756332       85.5221939    
  -1.00000000          550000   82.9992065       80.2882080       85.4405212    
  -1.00000000          560000   82.9219666       80.2021027       85.3606720    
  -1.00000000          570000   82.8461685       80.1175461       85.2824554    
  -1.00000000          580000   82.7717590       80.0342407       85.2059631    
  -1.00000000          590000   82.6986923       79.9521027       85.1312027    
  -1.00000000          600000   82.6269150       79.8718414       85.0573654    
  -1.00000000          610000   82.5563736       79.7921677       84.9856033    
  -1.00000000          620000   82.4870453       79.7140579       84.9149017    
  -1.00000000          630000   82.4188919       79.6371841       84.8455200    
  -1.00000000          640000   82.3518600       79.5617142       84.7770996    
  -1.00000000          650000   82.2859192       79.4869995       84.7103653    
  -1.00000000          660000   82.2210388       79.4136124       84.6445389    
  -1.00000000          670000   82.1571732       79.3406677       84.5806046    
  -1.00000000          680000   82.0943146       79.2694397       84.5169678    
  -1.00000000          690000   82.0324173       79.1992340       84.4543991    
  -1.00000000          700000   81.9714584       79.1293716       84.3935242    
  -1.00000000          710000   81.9114075       79.0609436       84.3331757    
  -1.00000000          720000   81.8522339       78.9934540       84.2738647    
  -1.00000000          730000   81.7939301       78.9264603       84.2158966    
  -1.00000000          740000   81.7364502       78.8607788       84.1583557    
  -1.00000000          750000   81.6797867       78.7955246       84.1021194    
  -1.00000000          760000   81.6239090       78.7313538       84.0465546    
  -1.00000000          770000   81.5688019       78.6682358       83.9916382    
  -1.00000000          780000   81.5144348       78.6054611       83.9379196    
  -1.00000000          790000   81.4608002       78.5439072       83.8845291    
  -1.00000000          800000   81.4078827       78.4829178       83.8322067    
  -1.00000000          810000   81.3556519       78.4224548       83.7807693    
  -1.00000000          820000   81.3040848       78.3631287       83.7296371    
  -1.00000000          830000   81.2531891       78.3042984       83.6794815    
  -1.00000000          840000   81.2029266       78.2462006       83.6299744    
  -1.00000000          850000   81.1532974       78.1882935       83.5815964    
  -1.00000000          860000   81.1042709       78.1315079       83.5334778    
  -1.00000000          870000   81.0558395       78.0753555       83.4859619    
  -1.00000000          880000   81.0079956       78.0198059       83.4390411    
  -1.00000000          890000   80.9607086       77.9648972       83.3927917    
  -1.00000000          900000   80.9139938       77.9105606       83.3470917    
  -1.00000000          910000   80.8678131       77.8566208       83.3021927    
  -1.00000000          920000   80.8221588       77.8032990       83.2579193    
  -1.00000000          930000   80.7770233       77.7506943       83.2139359    
  -1.00000000          940000   80.7323990       77.6986389       83.1705017    
  -1.00000000          950000   80.6882782       77.6471481       83.1276398    
  -1.00000000          960000   80.6446381       77.5961609       83.0852737    
  -1.00000000          970000   80.6014709       77.5452728       83.0438690    
  -1.00000000          980000   80.5587692       77.4956970       83.0020294    
  -1.00000000          990000   80.5165253       77.4462509       82.9611893    
  -1.00000000         1000000   80.4747238       77.3970795       82.9210281    
  -1.00000000         1010000   80.4333649       77.3485260       82.8810730    
  -1.00000000         1020000   80.3924332       77.3006668       82.8414078    
  -1.00000000         1030000   80.3519211       77.2531128       82.8023987    
  -1.00000000         1040000   80.3118210       77.2057495       82.7640152    
  -1.00000000         1050000   80.2721252       77.1588440       82.7261047    
  -1.00000000         1060000   80.2328186       77.1125870       82.6884003    
  -1.00000000         1070000   80.1939011       77.0667267       82.6510925    
  -1.00000000         1080000   80.1553726       77.0214310       82.6139603    
  -1.00000000         1090000   80.1172104       76.9766006       82.5772781    
  -1.00000000         1100000   80.0794220       76.9317551       82.5413818    
  -1.00000000         1110000   80.0419922       76.8877182       82.5054855    
  -1.00000000         1120000   80.0049057       76.8438339       82.4700699    
  -1.00000000         1130000   79.9681702       76.8003540       82.4351044    
  -1.00000000         1140000   79.9317780       76.7572327       82.4005127    
  -1.00000000         1150000   79.8957214       76.7146454       82.3660049    
  -1.00000000         1160000   79.8599854       76.6724777       82.3319168    
  -1.00000000         1170000   79.8245773       76.6304169       82.2983856    
  -1.00000000         1180000   79.7894821       76.5886993       82.2651215    
  -1.00000000         1190000   79.7546997       76.5479279       82.2316360    
  -1.00000000         1200000   79.7202301       76.5071106       82.1988449    
  -1.00000000         1210000   79.6860580       76.4661484       82.1667938    
  -1.00000000         1220000   79.6521759       76.4261780       82.1344376    
  -1.00000000         1230000   79.6185913       76.3861389       82.1028290    
  -1.00000000         1240000   79.5852890       76.3467331       82.0710831    
  -1.00000000         1250000   79.5522690       76.3073044       82.0400467    
  -1.00000000         1260000   79.5195236       76.2683487       82.0091553    
  -1.00000000         1270000   79.4870529       76.2296982       81.9785233    
  -1.00000000         1280000   79.4548492       76.1913300       81.9481277    
  -1.00000000         1290000   79.4229126       76.1534042       81.9178391    
  -1.00000000         1300000   79.3912277       76.1158295       81.8878708    
  -1.00000000         1310000   79.3598022       76.0780792       81.8585205    
  -1.00000000         1320000   79.3286285       76.0410461       81.8290634    
  -1.00000000         1330000   79.2976990       76.0040665       81.8000336    
  -1.00000000         1340000   79.2670212       75.9673615       81.7712936    
  -1.00000000         1350000   79.2365799       75.9311066       81.7426147    
  -1.00000000         1360000   79.2063675       75.8951035       81.7141495    
  -1.00000000         1370000   79.1763992       75.8589859       81.6863632    
  -1.00000000         1380000   79.1466522       75.8238831       81.6580429    
  -1.00000000         1390000   79.1171341       75.7885971       81.6303253    
  -1.00000000         1400000   79.0878372       75.7532425       81.6032410    
  -1.00000000         1410000   79.0587540       75.7184830       81.5760040    
  -1.00000000         1420000   79.0298920       75.6841125       81.5488052    
  -1.00000000         1430000   79.0012436       75.6496124       81.5221939    
  -1.00000000         1440000   78.9728088       75.6155243       81.4956360    
  -1.00000000         1450000   78.9445724       75.5816803       81.4692688    
  -1.00000000         1460000   78.9165497       75.5482864       81.4429932    
  -1.00000000         1470000   78.8887177       75.5150528       81.4168472    
  -1.00000000         1480000   78.8610916       75.4817047       81.3913727    
  -1.00000000         1490000   78.8336639       75.4491043       81.3654861    
  -1.00000000         1500000   78.8064194       75.4161377       81.3403397    
  -1.00000000         1510000   78.7793732       75.3835602       81.3152466    
  -1.00000000         1520000   78.7525101       75.3514175       81.2901840    
  -1.00000000         1530000   78.7258377       75.3194427       81.2652893    
  -1.00000000         1540000   78.6993408       75.2874908       81.2407761    
  -1.00000000         1550000   78.6730270       75.2561035       81.2160950    
  -1.00000000         1560000   78.6468887       75.2245712       81.1919556    
  -1.00000000         1570000   78.6209335       75.1933975       81.1678238    
  -1.00000000         1580000   78.5951462       75.1623764       81.1438751    
  -1.00000000         1590000   78.5695267       75.1317520       81.1198883    
  -1.00000000         1600000   78.5440826       75.1007996       81.0967178    
  -1.00000000         1610000   78.5187988       75.0705261       81.0730972    
  -1.00000000         1620000   78.4936829       75.0400772       81.0500488    
  -1.00000000         1630000   78.4687347       75.0103607       81.0265808    
  -1.00000000         1640000   78.4439392       74.9804459       81.0037003    
  -1.00000000         1650000   78.4193115       74.9505692       80.9811554    
  -1.00000000         1660000   78.3948288       74.9213181       80.9582214    
  -1.00000000         1670000   78.3705063       74.8919373       80.9357986    
  -1.00000000         1680000   78.3463364       74.8628998       80.9133835    
  -1.00000000         1690000   78.3223190       74.8340073       80.8910904    
  -1.00000000         1700000   78.2984467       74.8047638       80.8695374    
  -1.00000000         1710000   78.2747269       74.7765579       80.8472519    
  -1.00000000         1720000   78.2511444       74.7479706       80.8255692    
  -1.00000000         1730000   78.2277145       74.7199097       80.8037643    
  -1.00000000         1740000   78.2044220       74.6914902       80.7826538    
  -1.00000000         1750000   78.1812744       74.6637344       80.7611008    
  -1.00000000         1760000   78.1582642       74.6355820       80.7402496    
  -1.00000000         1770000   78.1353836       74.6081314       80.7190170    
  -1.00000000         1780000   78.1126404       74.5808182       80.6979065    
  -1.00000000         1790000   78.0900421       74.5533066       80.6773071    
  -1.00000000         1800000   78.0675659       74.5262833       80.6564484    
  -1.00000000         1810000   78.0452194       74.4990768       80.6361694    
  -1.00000000         1820000   78.0230103       74.4721527       80.6157684    
  -1.00000000         1830000   78.0009232       74.4455643       80.5953674    
  -1.00000000         1840000   77.9789658       74.4189377       80.5752792    
  -1.00000000         1850000   77.9571304       74.3925934       80.5550919    
  -1.00000000         1860000   77.9354248       74.3664398       80.5351028    
  -1.00000000         1870000   77.9138336       74.3402176       80.5154343    
  -1.00000000         1880000   77.8923645       74.3141174       80.4958115    
  -1.00000000         1890000   77.8710175       74.2882996       80.4761734    
  -1.00000000         1900000   77.8497925       74.2626724       80.4566879    
  -1.00000000         1910000   77.8286819       74.2371521       80.4372787    
  -1.00000000         1920000   77.8076859       74.2117462       80.4180298    
  -1.00000000         1930000   77.7868042       74.1864548       80.3988495    
  -1.00000000         1940000   77.7660370       74.1609421       80.3802032    
  -1.00000000         1950000   77.7453842       74.1361084       80.3611679    
  -1.00000000         1960000   77.7248459       74.1111908       80.3423309    
  -1.00000000         1970000   77.7044067       74.0864182       80.3237000    
  -1.00000000         1980000   77.6840820       74.0619125       80.3049545    
  -1.00000000         1990000   77.6638641       74.0371552       80.2866669    
  -1.00000000         2000000   77.6437531       74.0128937       80.2681351    
  -1.00000000         2000000   77.6437531       74.0128937       80.2681351    
  -1.00000000         3000000   76.0341339       72.0489044       78.8142319    
  -1.00000000         4000000   74.9123688       70.6708069       77.8166275    
  -1.00000000         5000000   74.0536728       69.6126938       77.0596848    
  -1.00000000         6000000   73.3593750       68.7557831       76.4512711    
  -1.00000000         7000000   72.7774429       68.0371017       75.9432831    
  -1.00000000         8000000   72.2770767       67.4191132       75.5076904    
  -1.00000000         9000000   71.8385773       66.8774719       75.1268997    
  -1.00000000        10000000   71.4485855       66.3959198       74.7887115    
  -1.00000000        11000000   71.0976181       65.9626617       74.4847641    
  -1.00000000        12000000   70.7787170       65.5690384       74.2090607    
  -1.00000000        13000000   70.4866104       65.2086258       73.9567032    
  -1.00000000        14000000   70.2172470       64.8765182       73.7240829    
  -1.00000000        15000000   69.9673996       64.5685883       73.5084763    
  -1.00000000        16000000   69.7344818       64.2816620       73.3075867    
  -1.00000000        17000000   69.5163956       64.0130920       73.1195984    
  -1.00000000        18000000   69.3114166       63.7606239       72.9431305    
  -1.00000000        19000000   69.1180649       63.5228882       72.7764206    
  -1.00000000        20000000   68.9351349       63.2978706       72.6189346    
  -1.00000000        30000000   67.5060577       61.5437546       71.3898163    
  -1.00000000       130000000   62.5807495       55.5640488       67.1548157    
  -1.00000000       230000000   60.7629356       53.3888550       65.5864792    
  -1.00000000       330000000   59.6400833       52.0550919       64.6150742    
  -1.00000000       430000000   58.8300247       51.0976257       63.9129829    
  -1.00000000       530000000   58.1979103       50.3534508       63.3641548    
  -1.00000000       630000000   57.6805115       49.7461472       62.9144478    
  -1.00000000       730000000   57.2431335       49.2342186       62.5337296    
  -1.00000000       830000000   56.8647003       48.7923393       62.2039566    
  -1.00000000       930000000   56.5314598       48.4039154       61.9134331    
  -1.00000000      1030000000   56.2339554       48.0579185       61.6536713    
  -1.00000000      1130000000   55.9653893       47.7459946       61.4191055    
  -1.00000000      1230000000   55.7207336       47.4623299       61.2052383    
  -1.00000000      1330000000   55.4961586       47.2022781       61.0087891    
 0
  0.100000001    
          50
   613.819458    
  0.104737937    
  0.862844646    
   3.70830011    
   6.57784748    
   1240229.88    
   2.30725538E+13
   5.35491363E+13
  0.569133043    
  0.100000001               1   613.819458       419.617188       1565.16211    
  0.100000001              51   406.624237       313.659058       766.448303    
  0.100000001             101   378.540344       298.125305       677.156372    
  0.100000001             151   362.926880       289.331207       629.577087    
  0.100000001             201   352.215668       283.227448       597.801758    
  0.100000001             251   344.115143       278.570465       574.244202    
  0.100000001             301   337.629761       274.816193       555.678650    
  0.100000001             351   332.238861       271.677032       540.447510    
  0.100000001             401   327.636810       268.983215       527.590759    
  0.100000001             451   323.629181       266.627228       516.504333    
  0.100000001             501   320.084930       264.535034       506.784698    
  0.100000001             551   316.911560       262.655579       498.150177    
  0.100000001             601   314.041534       260.949585       490.397156    
  0.100000001             651   311.423920       259.388916       483.372101    
  0.100000001             701   309.019592       257.951263       476.958801    
  0.100000001             751   306.797668       256.618896       471.065857    
  0.100000001             801   304.733459       255.379211       465.617523    
  0.100000001             851   302.806976       254.218369       460.559753    
  0.100000001             901   301.001648       253.128922       455.841095    
  0.100000001             951   299.303772       252.102264       451.422272    
  0.100000001            1000   297.732910       251.149399       447.353149    
  0.100000001           10000   233.931610       210.509064       296.279358    
  0.100000001           20000   217.550278       199.111725       262.378876    
  0.100000001           30000   208.504868       192.483627       244.692871    
  0.100000001           40000   202.316071       187.745102       233.083099    
  0.100000001           50000   197.642456       184.016724       224.621414    
  0.100000001           60000   193.904083       180.917221       218.066498    
  0.100000001           70000   190.798553       178.246170       212.782867    
  0.100000001           80000   188.148666       175.884308       208.404129    
  0.100000001           90000   185.841843       173.759384       204.696320    
  0.100000001          100000   183.802322       171.821167       201.504974    
  0.100000001          110000   181.976608       170.034729       198.721115    
  0.100000001          120000   180.325714       168.373703       196.267593    
  0.100000001          130000   178.820282       166.820450       194.083206    
  0.100000001          140000   177.437653       165.359482       192.123840    
  0.100000001          150000   176.160095       163.979172       190.354202    
  0.100000001          160000   174.973343       162.672256       188.744217    
  0.100000001          170000   173.865829       161.427689       187.274673    
  0.100000001          180000   172.828049       160.244003       185.921677    
  0.100000001          190000   171.852127       159.112228       184.674225    
  0.100000001          200000   170.931335       158.029480       183.517548    
  0.100000001          210000   170.060089       156.990631       182.442413    
  0.100000001          220000   169.233505       155.993637       181.438202    
  0.100000001          230000   168.447403       155.034973       180.497589    
  0.100000001          240000   167.698212       154.113754       179.611832    
  0.100000001          250000   166.982727       153.223495       178.780167    
  0.100000001          260000   166.298187       152.364319       177.994949    
  0.100000001          270000   165.642136       151.537231       177.248322    
  0.100000001          280000   165.012390       150.736069       176.541534    
  0.100000001          290000   164.407013       149.959549       175.870987    
  0.100000001          300000   163.824280       149.208740       175.230972    
  0.100000001          310000   163.262619       148.481750       174.619156    
  0.100000001          320000   162.720627       147.776138       174.034897    
  0.100000001          330000   162.197021       147.091232       173.475357    
  0.100000001          340000   161.690674       146.425919       172.938965    
  0.100000001          350000   161.200500       145.778809       172.424301    
  0.100000001          360000   160.725571       145.149689       171.929016    
  0.100000001          370000   160.264999       144.538452       171.451248    
  0.100000001          380000   159.817963       143.941559       170.992538    
  0.100000001          390000   159.383759       143.360672       170.549286    
  0.100000001          400000   158.961685       142.794189       170.121292    
  0.100000001          410000   158.551086       142.242203       169.707123    
  0.100000001          420000   158.151428       141.703949       169.305695    
  0.100000001          430000   157.762131       141.178589       168.916504    
  0.100000001          440000   157.382721       140.664200       168.541000    
  0.100000001          450000   157.012711       140.162537       168.175354    
  0.100000001          460000   156.651688       139.672943       167.819366    
  0.100000001          470000   156.299225       139.193451       167.474319    
  0.100000001          480000   155.954941       138.723618       167.139633    
  0.100000001          490000   155.618515       138.264389       166.813202    
  0.100000001          500000   155.289566       137.814865       166.495377    
  0.100000001          510000   154.967819       137.374329       166.185989    
  0.100000001          520000   154.652969       136.943405       165.883560    
  0.100000001          530000   154.344727       136.520798       165.588760    
  0.100000001          540000   154.042847       136.106369       165.301392    
  0.100000001          550000   153.747086       135.699692       165.020950    
  0.100000001          560000   153.457199       135.301193       164.746399    
  0.100000001          570000   153.172989       134.910019       164.478287    
  0.100000001          580000   152.894226       134.525742       164.216537    
  0.100000001          590000   152.620728       134.148895       163.959900    
  0.100000001          600000   152.352295       133.778519       163.708878    
  0.100000001          610000   152.088776       133.414307       163.463715    
  0.100000001          620000   151.829971       133.057007       163.222931    
  0.100000001          630000   151.575729       132.705322       162.987350    
  0.100000001          640000   151.325928       132.360153       162.756042    
  0.100000001          650000   151.080399       132.020966       162.528809    
  0.100000001          660000   150.838989       131.687119       162.306168    
  0.100000001          670000   150.601608       131.358383       162.088181    
  0.100000001          680000   150.368103       131.035217       161.873795    
  0.100000001          690000   150.138351       130.716858       161.663589    
  0.100000001          700000   149.912262       130.403854       161.456757    
  0.100000001          710000   149.689697       130.094666       161.254700    
  0.100000001          720000   149.470581       129.792343       161.053513    
  0.100000001          730000   149.254807       129.493073       160.857620    
  0.100000001          740000   149.042267       129.197311       160.666016    
  0.100000001          750000   148.832870       128.906769       160.476578    
  0.100000001          760000   148.626541       128.621475       160.289139    
  0.100000001          770000   148.423187       128.338638       160.106384    
  0.100000001          780000   148.222733       128.061279       159.924713    
  0.100000001          790000   148.025101       127.786407       159.747818    
  0.100000001          800000   147.830200       127.516182       159.572525    
  0.100000001          810000   147.637985       127.249260       159.400131    
  0.100000001          820000   147.448380       126.985825       159.230713    
  0.100000001          830000   147.261292       126.726685       159.062698    
  0.100000001          840000   147.076691       126.470650       158.897583    
  0.100000001          850000   146.894501       126.217758       158.735153    
  0.100000001          860000   146.714661       125.967796       158.575241    
  0.100000001          870000   146.537125       125.721924       158.416534    
  0.100000001          880000   146.361816       125.478935       158.260406    
  0.100000001          890000   146.188705       125.238548       158.106613    
  0.100000001          900000   146.017731       125.001022       157.955399    
  0.100000001          910000   145.848831       124.766212       157.806503    
  0.100000001          920000   145.681976       124.535393       157.657730    
  0.100000001          930000   145.517105       124.306236       157.512650    
  0.100000001          940000   145.354202       124.080490       157.368317    
  0.100000001          950000   145.193176       123.857201       157.226257    
  0.100000001          960000   145.034027       123.636818       157.085464    
  0.100000001          970000   144.876694       123.417717       156.948151    
  0.100000001          980000   144.721146       123.202850       156.810089    
  0.100000001          990000   144.567337       122.989243       156.675339    
  0.100000001         1000000   144.415237       122.778763       156.541214    
  0.100000001         1010000   144.264816       122.569450       156.410217    
  0.100000001         1020000   144.116013       122.363724       156.279251    
  0.100000001         1030000   143.968826       122.159950       156.149918    
  0.100000001         1040000   143.823212       121.957718       156.023010    
  0.100000001         1050000   143.679138       121.758430       155.896637    
  0.100000001         1060000   143.536560       121.561073       155.771912    
  0.100000001         1070000   143.395477       121.365494       155.648819    
  0.100000001         1080000   143.255829       121.171837       155.527359    
  0.100000001         1090000   143.117599       120.980873       155.406250    
  0.100000001         1100000   142.980774       120.791733       155.286682    
  0.100000001         1110000   142.845306       120.603821       155.169342    
  0.100000001         1120000   142.711197       120.418510       155.052170    
  0.100000001         1130000   142.578384       120.234474       154.937210    
  0.100000001         1140000   142.446884       120.052498       154.823029    
  0.100000001         1150000   142.316635       119.872513       154.709595    
  0.100000001         1160000   142.187637       119.693787       154.598297    
  0.100000001         1170000   142.059860       119.517876       154.486389    
  0.100000001         1180000   141.933289       119.342560       154.377106    
  0.100000001         1190000   141.807892       119.169716       154.267899    
  0.100000001         1200000   141.683655       118.997391       154.161224    
  0.100000001         1210000   141.560562       118.827339       154.054626    
  0.100000001         1220000   141.438583       118.658760       153.949371    
  0.100000001         1230000   141.317703       118.492439       153.843933    
  0.100000001         1240000   141.197891       118.326614       153.741104    
  0.100000001         1250000   141.079163       118.163033       153.638168    
  0.100000001         1260000   140.961472       118.000710       153.536484    
  0.100000001         1270000   140.844803       117.839653       153.435959    
  0.100000001         1280000   140.729156       117.679909       153.336517    
  0.100000001         1290000   140.614502       117.522316       153.237045    
  0.100000001         1300000   140.500809       117.364998       153.139832    
  0.100000001         1310000   140.388092       117.209885       153.042511    
  0.100000001         1320000   140.276321       117.055817       152.946259    
  0.100000001         1330000   140.165482       116.902969       152.851074    
  0.100000001         1340000   140.055557       116.752190       152.755768    
  0.100000001         1350000   139.946533       116.601601       152.662628    
  0.100000001         1360000   139.838394       116.453056       152.569305    
  0.100000001         1370000   139.731140       116.304642       152.478287    
  0.100000001         1380000   139.624741       116.158264       152.386902    
  0.100000001         1390000   139.519196       116.013733       152.295242    
  0.100000001         1400000   139.414474       115.868988       152.206390    
  0.100000001         1410000   139.310593       115.726082       152.117340    
  0.100000001         1420000   139.207504       115.584625       152.028595    
  0.100000001         1430000   139.105225       115.443779       151.941330    
  0.100000001         1440000   139.003738       115.304756       151.853851    
  0.100000001         1450000   138.903015       115.165833       151.768265    
  0.100000001         1460000   138.803070       115.028717       151.682556    
  0.100000001         1470000   138.703857       114.892464       151.597549    
  0.100000001         1480000   138.605408       114.757187       151.513611    
  0.100000001         1490000   138.507675       114.623260       151.429703    
  0.100000001         1500000   138.410675       114.490189       151.346756    
  0.100000001         1510000   138.314392       114.358025       151.264526    
  0.100000001         1520000   138.218796       114.226700       151.183167    
  0.100000001         1530000   138.123901       114.096657       151.101929    
  0.100000001         1540000   138.029678       113.967506       151.021500    
  0.100000001         1550000   137.936142       113.839073       150.941925    
  0.100000001         1560000   137.843262       113.712402       150.861893    
  0.100000001         1570000   137.751053       113.585251       150.784317    
  0.100000001         1580000   137.659470       113.459793       150.706360    
  0.100000001         1590000   137.568527       113.334976       150.629105    
  0.100000001         1600000   137.478226       113.211853       150.551483    
  0.100000001         1610000   137.388535       113.089485       150.474548    
  0.100000001         1620000   137.299469       112.966995       150.399399    
  0.100000001         1630000   137.210999       112.845757       150.324448    
  0.100000001         1640000   137.123123       112.725571       150.249619    
  0.100000001         1650000   137.035858       112.606636       150.174896    
  0.100000001         1660000   136.949158       112.487885       150.101303    
  0.100000001         1670000   136.863037       112.370239       150.027817    
  0.100000001         1680000   136.777481       112.253342       149.955109    
  0.100000001         1690000   136.692490       112.137482       149.882431    
  0.100000001         1700000   136.608047       112.021622       149.811447    
  0.100000001         1710000   136.524155       111.907112       149.740067    
  0.100000001         1720000   136.440796       111.793335       149.669312    
  0.100000001         1730000   136.357986       111.680222       149.599075    
  0.100000001         1740000   136.275696       111.567650       149.529449    
  0.100000001         1750000   136.193924       111.456169       149.459930    
  0.100000001         1760000   136.112671       111.345352       149.391022    
  0.100000001         1770000   136.031921       111.235077       149.322647    
  0.100000001         1780000   135.951675       111.125824       149.254379    
  0.100000001         1790000   135.871918       111.017288       149.186539    
  0.100000001         1800000   135.792664       110.909279       149.119400    
  0.100000001         1810000   135.713898       110.801804       149.052780    
  0.100000001         1820000   135.635590       110.694984       148.986679    
  0.100000001         1830000   135.557785       110.589050       148.920532    
  0.100000001         1840000   135.480423       110.483406       148.855469    
  0.100000001         1850000   135.403534       110.379074       148.789932    
  0.100000001         1860000   135.327103       110.274834       148.725418    
  0.100000001         1870000   135.251129       110.171242       148.661423    
  0.100000001         1880000   135.175598       110.068474       148.597458    
  0.100000001         1890000   135.100510       109.967064       148.533020    
  0.100000001         1900000   135.025848       109.865448       148.470001    
  0.100000001         1910000   134.951645       109.764290       148.407501    
  0.100000001         1920000   134.877853       109.664062       148.345032    
  0.100000001         1930000   134.804489       109.564415       148.282990    
  0.100000001         1940000   134.731537       109.465210       148.221375    
  0.100000001         1950000   134.658997       109.366463       148.160355    
  0.100000001         1960000   134.586884       109.268700       148.099213    
  0.100000001         1970000   134.515167       109.171387       148.038559    
  0.100000001         1980000   134.443848       109.074516       147.978363    
  0.100000001         1990000   134.372925       108.978157       147.918655    
  0.100000001         2000000   134.302399       108.882591       147.858826    
  0.100000001         2000000   134.302399       108.882591       147.858826    
  0.100000001         3000000   128.718307       101.379463       143.167664    
  0.100000001         4000000   124.897720       96.3396454       139.976303    
  0.100000001         5000000   122.012505       92.5904999       137.569275    
  0.100000001         6000000   119.704659       89.6286163       135.644348    
  0.100000001         7000000   117.787498       87.1942062       134.044434    
  0.100000001         8000000   116.151619       85.1363449       132.677780    
  0.100000001         9000000   114.727524       83.3595352       131.486877    
  0.100000001        10000000   113.468437       81.8004379       130.432632    
  0.100000001        11000000   112.341362       80.4140778       129.488022    
  0.100000001        12000000   111.322212       79.1683273       128.632568    
  0.100000001        13000000   110.392838       78.0387421       127.851662    
  0.100000001        14000000   109.539291       77.0067368       127.133911    
  0.100000001        15000000   108.750603       76.0578079       126.469955    
  0.100000001        16000000   108.017967       75.1806412       125.852226    
  0.100000001        17000000   107.334251       74.3652954       125.275681    
  0.100000001        18000000   106.693596       73.6048889       124.734024    
  0.100000001        19000000   106.091118       72.8921127       124.224983    
  0.100000001        20000000   105.522682       72.2224350       123.743835    
  0.100000001        30000000   101.135216       67.1349640       120.015205    
  0.100000001       130000000   86.7367096       51.5094757       107.527405    
  0.100000001       230000000   81.7053528       46.4537277       103.050491    
  0.100000001       330000000   78.6736069       43.5122871       100.318863    
  0.100000001       430000000   76.5224686       41.4738960       98.3639832    
  0.100000001       530000000   74.8648529       39.9309845       96.8477097    
  0.100000001       630000000   73.5217590       38.6987572       95.6126022    
  0.100000001       730000000   72.3959885       37.6783905       94.5726013    
  0.100000001       830000000   71.4290390       36.8110161       93.6759949    
  0.100000001       930000000   70.5830154       36.0591240       92.8885651    
  0.100000001      1030000000   69.8320312       35.3970528       92.1877365    
  0.100000001      1130000000   69.1575928       34.8068962       91.5564117    
  0.100000001      1230000000   68.5460968       34.2754288       90.9825363    
  0.100000001      1330000000   67.9872131       33.7927017       90.4567413    
 0
   10.0000000    
          50
   304.523712    
   5.30714169E-02
  0.866477668    
   3.70830011    
   1.38707983    
   1333872.25    
   2.66882263E+13
   5.88153367E+13
  0.546236992    
   10.0000000               1   304.523712       264.275360       399.543152    
   10.0000000              51   247.171234       225.250565       294.639008    
   10.0000000             101   238.368530       219.041946       279.500305    
   10.0000000             151   233.334915       215.458572       270.968353    
   10.0000000             201   229.819687       212.940506       265.066223    
   10.0000000             251   227.126099       211.001373       260.575378    
   10.0000000             301   224.946945       209.426697       256.962158    
   10.0000000             351   223.119766       208.101166       253.947754    
   10.0000000             401   221.548370       206.957993       251.365677    
   10.0000000             451   220.171036       205.953583       249.110535    
   10.0000000             501   218.945938       205.057800       247.111023    
   10.0000000             551   217.843353       204.249893       245.317368    
   10.0000000             601   216.841446       203.513641       243.691879    
   10.0000000             651   215.923737       202.837936       242.206894    
   10.0000000             701   215.077423       202.213760       240.840805    
   10.0000000             751   214.292435       201.634216       239.575394    
   10.0000000             801   213.560654       201.091995       238.400116    
   10.0000000             851   212.875458       200.584610       237.300018    
   10.0000000             901   212.231415       200.106613       236.268295    
   10.0000000             951   211.623978       199.654953       235.297119    
   10.0000000            1000   211.060455       199.235275       234.397980    
   10.0000000           10000   186.782196       180.266464       197.380737    
   10.0000000           20000   180.035995       174.368851       188.017822    
   10.0000000           30000   176.203262       170.748642       183.026657    
   10.0000000           40000   173.533478       168.075211       179.726532    
   10.0000000           50000   171.490524       165.932190       177.313034    
   10.0000000           60000   169.839172       164.138397       175.432236    
   10.0000000           70000   168.455383       162.591812       173.905869    
   10.0000000           80000   167.265808       161.232483       172.628128    
   10.0000000           90000   166.223511       160.021149       171.532394    
   10.0000000          100000   165.296631       158.926895       170.577560    
   10.0000000          110000   164.462646       157.930344       169.732559    
   10.0000000          120000   163.704941       157.014587       168.977081    
   10.0000000          130000   163.010986       156.169373       168.293213    
   10.0000000          140000   162.371124       155.385086       167.668991    
   10.0000000          150000   161.777679       154.652115       167.096512    
   10.0000000          160000   161.224518       153.965775       166.567047    
   10.0000000          170000   160.706619       153.320358       166.074905    
   10.0000000          180000   160.219864       152.710327       165.616394    
   10.0000000          190000   159.760788       152.132706       165.186996    
   10.0000000          200000   159.326477       151.584320       164.783310    
   10.0000000          210000   158.914444       151.064026       164.400742    
   10.0000000          220000   158.522598       150.566193       164.040939    
   10.0000000          230000   158.149063       150.091568       163.697739    
   10.0000000          240000   157.792252       149.637344       163.371750    
   10.0000000          250000   157.450760       149.201202       163.061096    
   10.0000000          260000   157.123367       148.782837       162.763809    
   10.0000000          270000   156.808975       148.380463       162.479568    
   10.0000000          280000   156.506622       147.992569       162.207291    
   10.0000000          290000   156.215424       147.618179       161.945877    
   10.0000000          300000   155.934601       147.257431       161.694122    
   10.0000000          310000   155.663483       146.908615       161.451706    
   10.0000000          320000   155.401428       146.570923       161.217972    
   10.0000000          330000   155.147858       146.243637       160.992523    
   10.0000000          340000   154.902237       145.926376       160.774902    
   10.0000000          350000   154.664124       145.618347       160.564087    
   10.0000000          360000   154.433060       145.319992       160.359375    
   10.0000000          370000   154.208664       145.030060       160.160980    
   10.0000000          380000   153.990555       144.747208       159.969238    
   10.0000000          390000   153.778427       144.472763       159.782288    
   10.0000000          400000   153.571945       144.204865       159.601349    
   10.0000000          410000   153.370804       143.943771       159.425247    
   10.0000000          420000   153.174805       143.689865       159.253098    
   10.0000000          430000   152.983627       143.442139       159.085236    
   10.0000000          440000   152.797089       143.199890       158.922440    
   10.0000000          450000   152.614960       142.963303       158.763474    
   10.0000000          460000   152.437042       142.732193       158.608322    
   10.0000000          470000   152.263168       142.505768       158.457413    
   10.0000000          480000   152.093124       142.284302       158.309860    
   10.0000000          490000   151.926788       142.068497       158.164703    
   10.0000000          500000   151.763977       141.857285       158.022537    
   10.0000000          510000   151.604568       141.649429       157.885010    
   10.0000000          520000   151.448410       141.445999       157.749939    
   10.0000000          530000   151.295380       141.247269       157.616806    
   10.0000000          540000   151.145370       141.051300       157.487579    
   10.0000000          550000   150.998260       140.860016       157.360016    
   10.0000000          560000   150.853943       140.671997       157.235504    
   10.0000000          570000   150.712296       140.487549       157.113068    
   10.0000000          580000   150.573242       140.306198       156.993561    
   10.0000000          590000   150.436707       140.128922       156.875275    
   10.0000000          600000   150.302582       139.953629       156.759995    
   10.0000000          610000   150.170792       139.781784       156.646881    
   10.0000000          620000   150.041245       139.612991       156.535294    
   10.0000000          630000   149.913895       139.446777       156.425842    
   10.0000000          640000   149.788651       139.283585       156.318192    
   10.0000000          650000   149.665451       139.122635       156.212677    
   10.0000000          660000   149.544235       138.964706       156.108688    
   10.0000000          670000   149.424927       138.809402       156.006058    
   10.0000000          680000   149.307495       138.656235       155.905197    
   10.0000000          690000   149.191849       138.504608       155.807144    
   10.0000000          700000   149.077972       138.356644       155.708984    
   10.0000000          710000   148.965790       138.210510       155.612503    
   10.0000000          720000   148.855255       138.065964       155.518570    
   10.0000000          730000   148.746323       137.923630       155.425613    
   10.0000000          740000   148.638962       137.783615       155.333572    
   10.0000000          750000   148.533112       137.646027       155.242615    
   10.0000000          760000   148.428741       137.509476       155.154007    
   10.0000000          770000   148.325806       137.375687       155.065536    
   10.0000000          780000   148.224274       137.242264       154.979660    
   10.0000000          790000   148.124084       137.111679       154.894180    
   10.0000000          800000   148.025238       136.983109       154.809509    
   10.0000000          810000   147.927689       136.855408       154.726669    
   10.0000000          820000   147.831375       136.730286       154.644135    
   10.0000000          830000   147.736313       136.606049       154.563416    
   10.0000000          840000   147.642441       136.483109       154.483932    
   10.0000000          850000   147.549744       136.362610       154.404480    
   10.0000000          860000   147.458176       136.242737       154.326859    
   10.0000000          870000   147.367737       136.124756       154.249786    
   10.0000000          880000   147.278381       136.008606       154.173508    
   10.0000000          890000   147.190094       135.893143       154.098785    
   10.0000000          900000   147.102829       135.779205       154.024521    
   10.0000000          910000   147.016586       135.666611       153.951492    
   10.0000000          920000   146.931351       135.555618       153.878738    
   10.0000000          930000   146.847061       135.445740       153.807114    
   10.0000000          940000   146.763733       135.336853       153.736542    
   10.0000000          950000   146.681335       135.229019       153.666855    
   10.0000000          960000   146.599838       135.122833       153.597610    
   10.0000000          970000   146.519241       135.017685       153.529312    
   10.0000000          980000   146.439499       134.913879       153.461227    
   10.0000000          990000   146.360626       134.811035       153.394180    
   10.0000000         1000000   146.282578       134.708725       153.328598    
   10.0000000         1010000   146.205353       134.608414       153.262878    
   10.0000000         1020000   146.128922       134.508469       153.198441    
   10.0000000         1030000   146.053284       134.409775       153.134201    
   10.0000000         1040000   145.978409       134.312119       153.070984    
   10.0000000         1050000   145.904297       134.215775       153.007889    
   10.0000000         1060000   145.830917       134.119659       152.945999    
   10.0000000         1070000   145.758255       134.024490       152.885056    
   10.0000000         1080000   145.686325       133.931000       152.823624    
   10.0000000         1090000   145.615082       133.838470       152.763153    
   10.0000000         1100000   145.544510       133.746140       152.703873    
   10.0000000         1110000   145.474640       133.654984       152.644608    
   10.0000000         1120000   145.405411       133.564621       152.586212    
   10.0000000         1130000   145.336823       133.475555       152.527924    
   10.0000000         1140000   145.268875       133.387207       152.470245    
   10.0000000         1150000   145.201553       133.299515       152.413254    
   10.0000000         1160000   145.134857       133.211945       152.357544    
   10.0000000         1170000   145.068756       133.125534       152.301758    
   10.0000000         1180000   145.003250       133.040421       152.246262    
   10.0000000         1190000   144.938324       132.955872       152.191177    
   10.0000000         1200000   144.873978       132.872040       152.136978    
   10.0000000         1210000   144.810181       132.788757       152.083191    
   10.0000000         1220000   144.746933       132.706635       152.029526    
   10.0000000         1230000   144.684235       132.624619       151.976944    
   10.0000000         1240000   144.622086       132.543167       151.924896    
   10.0000000         1250000   144.560440       132.463303       151.872360    
   10.0000000         1260000   144.499329       132.384064       151.820419    
   10.0000000         1270000   144.438705       132.304367       151.770096    
   10.0000000         1280000   144.378601       132.226166       151.719025    
   10.0000000         1290000   144.318985       132.148590       151.668732    
   10.0000000         1300000   144.259842       132.071487       151.618774    
   10.0000000         1310000   144.201187       131.995026       151.569595    
   10.0000000         1320000   144.143005       131.919098       151.520752    
   10.0000000         1330000   144.085297       131.844604       151.471359    
   10.0000000         1340000   144.028015       131.769562       151.423462    
   10.0000000         1350000   143.971191       131.695084       151.376099    
   10.0000000         1360000   143.914810       131.622070       151.328064    
   10.0000000         1370000   143.858871       131.549194       151.281219    
   10.0000000         1380000   143.803360       131.477066       151.234131    
   10.0000000         1390000   143.748276       131.404984       151.188065    
   10.0000000         1400000   143.693588       131.333862       151.141922    
   10.0000000         1410000   143.639313       131.263229       151.096298    
   10.0000000         1420000   143.585449       131.192993       151.050934    
   10.0000000         1430000   143.531998       131.123291       151.006165    
   10.0000000         1440000   143.478912       131.054413       150.961227    
   10.0000000         1450000   143.426224       130.985870       150.916565    
   10.0000000         1460000   143.373917       130.917938       150.872498    
   10.0000000         1470000   143.321991       130.850388       150.828781    
   10.0000000         1480000   143.270432       130.782669       150.785889    
   10.0000000         1490000   143.219238       130.716492       150.742599    
   10.0000000         1500000   143.168411       130.650055       150.699997    
   10.0000000         1510000   143.117935       130.584091       150.657806    
   10.0000000         1520000   143.067810       130.519012       150.615631    
   10.0000000         1530000   143.018021       130.454254       150.573715    
   10.0000000         1540000   142.968582       130.389893       150.532059    
   10.0000000         1550000   142.919479       130.326416       150.490494    
   10.0000000         1560000   142.870712       130.262894       150.449600    
   10.0000000         1570000   142.822266       130.200043       150.408554    
   10.0000000         1580000   142.774155       130.137100       150.368362    
   10.0000000         1590000   142.726364       130.074661       150.328568    
   10.0000000         1600000   142.678879       130.013412       150.288132    
   10.0000000         1610000   142.631699       129.952042       150.248459    
   10.0000000         1620000   142.584839       129.890915       150.209198    
   10.0000000         1630000   142.538284       129.830673       150.169632    
   10.0000000         1640000   142.492020       129.769974       150.131546    
   10.0000000         1650000   142.446060       129.710281       150.092728    
   10.0000000         1660000   142.400391       129.651123       150.054260    
   10.0000000         1670000   142.355011       129.592270       150.016113    
   10.0000000         1680000   142.309906       129.533600       149.978165    
   10.0000000         1690000   142.265091       129.475296       149.940613    
   10.0000000         1700000   142.220551       129.417313       149.903244    
   10.0000000         1710000   142.176285       129.359558       149.866226    
   10.0000000         1720000   142.132309       129.302765       149.829041    
   10.0000000         1730000   142.088577       129.245636       149.792694    
   10.0000000         1740000   142.045120       129.189301       149.756012    
   10.0000000         1750000   142.001923       129.133209       149.719681    
   10.0000000         1760000   141.959000       129.077438       149.683517    
   10.0000000         1770000   141.916321       129.021973       149.647858    
   10.0000000         1780000   141.873886       128.966736       149.612289    
   10.0000000         1790000   141.831711       128.911804       149.576981    
   10.0000000         1800000   141.789780       128.857529       149.541351    
   10.0000000         1810000   141.748093       128.803207       149.506790    
   10.0000000         1820000   141.706665       128.749557       149.471832    
   10.0000000         1830000   141.665451       128.696136       149.437210    
   10.0000000         1840000   141.624496       128.642944       149.402588    
   10.0000000         1850000   141.583755       128.589630       149.368881    
   10.0000000         1860000   141.543259       128.537048       149.335022    
   10.0000000         1870000   141.502975       128.485062       149.300751    
   10.0000000         1880000   141.462936       128.432938       149.267410    
   10.0000000         1890000   141.423111       128.381195       149.234222    
   10.0000000         1900000   141.383514       128.329910       149.200790    
   10.0000000         1910000   141.344131       128.278488       149.167953    
   10.0000000         1920000   141.304962       128.227722       149.134964    
   10.0000000         1930000   141.266006       128.177261       149.102295    
   10.0000000         1940000   141.227280       128.127029       149.069717    
   10.0000000         1950000   141.188736       128.076889       149.037323    
   10.0000000         1960000   141.150421       128.027115       149.005249    
   10.0000000         1970000   141.112289       127.978065       148.973022    
   10.0000000         1980000   141.074387       127.928329       148.941864    
   10.0000000         1990000   141.036667       127.879601       148.909897    
   10.0000000         2000000   140.999161       127.830750       148.878754    
   10.0000000         2000000   140.999161       127.830750       148.878754    
   10.0000000         3000000   137.997467       123.945015       146.366516    
   10.0000000         4000000   135.906570       121.251549       144.620209    
   10.0000000         5000000   134.306580       119.198898       143.284180    
   10.0000000         6000000   133.013290       117.545288       142.204971    
   10.0000000         7000000   131.929550       116.164009       141.299850    
   10.0000000         8000000   130.997910       114.979347       140.522034    
   10.0000000         9000000   130.181610       113.943924       139.840118    
   10.0000000        10000000   129.455704       113.024994       139.233963    
   10.0000000        11000000   128.802536       112.199860       138.687897    
   10.0000000        12000000   128.209122       111.451401       138.191849    
   10.0000000        13000000   127.665649       110.767143       137.737411    
   10.0000000        14000000   127.164528       110.137138       137.318008    
   10.0000000        15000000   126.699753       109.553764       136.928894    
   10.0000000        16000000   126.266533       109.010948       136.565933    
   10.0000000        17000000   125.860931       108.503029       136.226349    
   10.0000000        18000000   125.479713       108.026421       135.907028    
   10.0000000        19000000   125.120178       107.577362       135.605637    
   10.0000000        20000000   124.780037       107.152985       135.320435    
   10.0000000        30000000   122.123627       103.854401       133.090317    
   10.0000000       130000000   112.980286       92.7284088       125.357277    
   10.0000000       230000000   109.610550       88.7222366       122.480331    
   10.0000000       330000000   107.530464       86.2756348       120.696350    
   10.0000000       430000000   106.030472       84.5242767       119.405670    
   10.0000000       530000000   104.860382       83.1658020       118.396141    
   10.0000000       630000000   103.902893       82.0588989       117.568520    
   10.0000000       730000000   103.093674       81.1270828       116.867615    
   10.0000000       830000000   102.393639       80.3237000       116.260597    
   10.0000000       930000000   101.777321       79.6181870       115.725327    
   10.0000000      1030000000   101.227165       78.9902039       115.246971    
   10.0000000      1130000000   100.730598       78.4245605       114.814842    
   10.0000000      1230000000   100.278305       77.9105377       114.420692    
   10.0000000      1330000000   99.8631821       77.4397049       114.058830    
 0
  0.500000000    
          50
   393.286163    
   5.05415536E-02
  0.833865047    
   3.70830011    
   1.26592410    
   1422338.25    
   3.03456930E+13
   6.52240906E+13
  0.534747124    
  0.500000000               1   393.286163       321.661865       717.324280    
  0.500000000              51   322.407715       281.419037       481.915619    
  0.500000000             101   311.463501       274.917450       449.794800    
  0.500000000             151   305.196655       271.150330       431.917480    
  0.500000000             201   300.816437       268.497528       419.643921    
  0.500000000             251   297.457855       266.452393       410.357422    
  0.500000000             301   294.739288       264.788879       402.919830    
  0.500000000             351   292.458954       263.387665       396.737152    
  0.500000000             401   290.497040       262.177155       391.459106    
  0.500000000             451   288.776917       261.114655       386.858856    
  0.500000000             501   287.246460       260.164429       382.793396    
  0.500000000             551   285.868713       259.308746       379.150726    
  0.500000000             601   284.616486       258.527832       375.857239    
  0.500000000             651   283.469208       257.812927       372.850403    
  0.500000000             701   282.411041       257.148438       370.094116    
  0.500000000             751   281.429321       256.532562       367.544159    
  0.500000000             801   280.514008       255.958755       365.172516    
  0.500000000             851   279.656860       255.417358       362.963806    
  0.500000000             901   278.851044       254.909988       360.891083    
  0.500000000             951   278.090912       254.429749       358.942078    
  0.500000000            1000   277.385651       253.982056       357.141815    
  0.500000000           10000   246.912155       233.787674       284.226318    
  0.500000000           20000   238.411896       227.555771       265.896088    
  0.500000000           30000   233.575867       223.739243       256.010315    
  0.500000000           40000   230.204285       220.896179       249.416519    
  0.500000000           50000   227.622620       218.574432       244.577240    
  0.500000000           60000   225.534775       216.587204       240.813171    
  0.500000000           70000   223.784454       214.822556       237.785400    
  0.500000000           80000   222.279236       213.234940       235.271027    
  0.500000000           90000   220.959930       211.772736       233.154266    
  0.500000000          100000   219.786438       210.417328       231.338318    
  0.500000000          110000   218.730255       209.154388       229.756119    
  0.500000000          120000   217.770462       207.967087       228.366592    
  0.500000000          130000   216.891251       206.841690       227.138535    
  0.500000000          140000   216.080383       205.780319       226.034561    
  0.500000000          150000   215.328232       204.774765       225.036255    
  0.500000000          160000   214.626999       203.818542       224.128342    
  0.500000000          170000   213.970383       202.900742       223.305099    
  0.500000000          180000   213.353134       202.025009       222.546951    
  0.500000000          190000   212.770905       201.186188       221.847748    
  0.500000000          200000   212.220032       200.386383       221.194458    
  0.500000000          210000   211.697357       199.614838       220.589828    
  0.500000000          220000   211.200195       198.871933       220.026230    
  0.500000000          230000   210.726242       198.157669       219.496597    
  0.500000000          240000   210.273438       197.472534       218.994812    
  0.500000000          250000   209.840042       196.808258       218.525009    
  0.500000000          260000   209.424515       196.168808       218.078232    
  0.500000000          270000   209.025421       195.549484       217.655914    
  0.500000000          280000   208.641571       194.951370       217.253128    
  0.500000000          290000   208.271851       194.370453       216.871338    
  0.500000000          300000   207.915298       193.808075       216.506256    
  0.500000000          310000   207.571014       193.263245       216.156616    
  0.500000000          320000   207.238205       192.731903       215.824493    
  0.500000000          330000   206.916168       192.216049       215.505417    
  0.500000000          340000   206.604202       191.717255       215.196136    
  0.500000000          350000   206.301727       191.229416       214.901474    
  0.500000000          360000   206.008194       190.754547       214.617691    
  0.500000000          370000   205.723129       190.296951       214.338760    
  0.500000000          380000   205.446014       189.845657       214.075104    
  0.500000000          390000   205.176483       189.407806       213.817886    
  0.500000000          400000   204.914108       188.980408       213.569412    
  0.500000000          410000   204.658524       188.560394       213.332123    
  0.500000000          420000   204.409424       188.154633       213.096863    
  0.500000000          430000   204.166473       187.755417       212.872131    
  0.500000000          440000   203.929382       187.364655       212.654175    
  0.500000000          450000   203.697876       186.984467       212.440292    
  0.500000000          460000   203.471741       186.612015       212.232910    
  0.500000000          470000   203.250687       186.246948       212.031677    
  0.500000000          480000   203.034531       185.889023       211.836212    
  0.500000000          490000   202.823059       185.540237       211.643951    
  0.500000000          500000   202.616074       185.197998       211.456863    
  0.500000000          510000   202.413376       184.861984       211.274918    
  0.500000000          520000   202.214813       184.531952       211.098114    
  0.500000000          530000   202.020233       184.207748       210.925858    
  0.500000000          540000   201.829453       183.893417       210.753281    
  0.500000000          550000   201.642365       183.580124       210.589981    
  0.500000000          560000   201.458817       183.276413       210.425873    
  0.500000000          570000   201.278702       182.975418       210.268478    
  0.500000000          580000   201.101852       182.679230       210.114899    
  0.500000000          590000   200.928177       182.389832       209.962570    
  0.500000000          600000   200.757568       182.104889       209.814041    
  0.500000000          610000   200.589905       181.826279       209.666550    
  0.500000000          620000   200.425140       181.549805       209.524796    
  0.500000000          630000   200.263138       181.279404       209.384048    
  0.500000000          640000   200.103775       181.010910       209.248795    
  0.500000000          650000   199.947052       180.750137       209.112030    
  0.500000000          660000   199.792816       180.491150       208.980392    
  0.500000000          670000   199.641037       180.237564       208.849533    
  0.500000000          680000   199.491592       179.987503       208.721390    
  0.500000000          690000   199.344452       179.738876       208.598022    
  0.500000000          700000   199.199539       179.495316       208.475296    
  0.500000000          710000   199.056778       179.258682       208.350586    
  0.500000000          720000   198.916122       179.021378       208.232803    
  0.500000000          730000   198.777496       178.789001       208.115204    
  0.500000000          740000   198.640854       178.559372       207.999969    
  0.500000000          750000   198.506134       178.332596       207.886841    
  0.500000000          760000   198.373291       178.112259       207.771835    
  0.500000000          770000   198.242279       177.892685       207.660995    
  0.500000000          780000   198.113037       177.673859       207.554428    
  0.500000000          790000   197.985519       177.459396       207.447800    
  0.500000000          800000   197.859680       177.249298       207.341125    
  0.500000000          810000   197.735504       177.039520       207.238358    
  0.500000000          820000   197.612915       176.832245       207.137466    
  0.500000000          830000   197.491882       176.628983       207.036407    
  0.500000000          840000   197.372375       176.427994       206.937088    
  0.500000000          850000   197.254364       176.230804       206.837372    
  0.500000000          860000   197.137802       176.035782       206.739624    
  0.500000000          870000   197.022644       175.841064       206.645447    
  0.500000000          880000   196.908859       175.650024       206.550858    
  0.500000000          890000   196.796432       175.459305       206.459824    
  0.500000000          900000   196.685349       175.273788       206.366455    
  0.500000000          910000   196.575531       175.088562       206.276520    
  0.500000000          920000   196.466980       174.905060       206.188095    
  0.500000000          930000   196.359665       174.725021       206.099030    
  0.500000000          940000   196.253540       174.546890       206.011475    
  0.500000000          950000   196.148605       174.370377       205.925308    
  0.500000000          960000   196.044830       174.195480       205.840546    
  0.500000000          970000   195.942169       174.023819       205.755127    
  0.500000000          980000   195.840622       173.852219       205.672913    
  0.500000000          990000   195.740173       173.683853       205.590164    
  0.500000000         1000000   195.640762       173.516876       205.508469    
  0.500000000         1010000   195.542404       173.351410       205.428162    
  0.500000000         1020000   195.445053       173.187515       205.349014    
  0.500000000         1030000   195.348709       173.024918       205.271011    
  0.500000000         1040000   195.253326       172.863892       205.194168    
  0.500000000         1050000   195.158920       172.705765       205.116577    
  0.500000000         1060000   195.065445       172.547409       205.042038    
  0.500000000         1070000   194.972900       172.391937       204.966644    
  0.500000000         1080000   194.881256       172.239349       204.890472    
  0.500000000         1090000   194.790482       172.086517       204.817154    
  0.500000000         1100000   194.700592       171.936386       204.743179    
  0.500000000         1110000   194.611572       171.785980       204.671814    
  0.500000000         1120000   194.523361       171.638275       204.599701    
  0.500000000         1130000   194.436005       171.491806       204.528610    
  0.500000000         1140000   194.349442       171.345016       204.460236    
  0.500000000         1150000   194.263672       171.200867       204.390991    
  0.500000000         1160000   194.178680       171.059387       204.320877    
  0.500000000         1170000   194.094452       170.917450       204.253479    
  0.500000000         1180000   194.010986       170.776489       204.186996    
  0.500000000         1190000   193.928253       170.638168       204.119522    
  0.500000000         1200000   193.846252       170.499390       204.054871    
  0.500000000         1210000   193.764954       170.363159       203.989014    
  0.500000000         1220000   193.684372       170.226486       203.925873    
  0.500000000         1230000   193.604477       170.093643       203.860046    
  0.500000000         1240000   193.525269       169.960358       203.796722    
  0.500000000         1250000   193.446716       169.828003       203.734192    
  0.500000000         1260000   193.368835       169.698090       203.670776    
  0.500000000         1270000   193.291595       169.567627       203.609741    
  0.500000000         1280000   193.214981       169.438095       203.549606    
  0.500000000         1290000   193.138992       169.310898       203.488388    
  0.500000000         1300000   193.063629       169.184631       203.427841    
  0.500000000         1310000   192.988876       169.059097       203.367996    
  0.500000000         1320000   192.914719       168.934494       203.309052    
  0.500000000         1330000   192.841141       168.810730       203.250687    
  0.500000000         1340000   192.768143       168.689285       203.191345    
  0.500000000         1350000   192.695724       168.567093       203.134232    
  0.500000000         1360000   192.623871       168.447205       203.076141    
  0.500000000         1370000   192.552551       168.326660       203.020523    
  0.500000000         1380000   192.481781       168.206940       202.965363    
  0.500000000         1390000   192.411560       168.090714       202.907532    
  0.500000000         1400000   192.341858       167.973938       202.852066    
  0.500000000         1410000   192.272690       167.857788       202.797180    
  0.500000000         1420000   192.204010       167.743927       202.741302    
  0.500000000         1430000   192.135849       167.627747       202.689224    
  0.500000000         1440000   192.068192       167.515244       202.634369    
  0.500000000         1450000   192.001038       167.402084       202.581985    
  0.500000000         1460000   191.934357       167.290909       202.528381    
  0.500000000         1470000   191.868134       167.179001       202.477020    
  0.500000000         1480000   191.802414       167.069183       202.424561    
  0.500000000         1490000   191.737137       166.960068       202.372665    
  0.500000000         1500000   191.672333       166.851395       202.321243    
  0.500000000         1510000   191.607971       166.743622       202.270370    
  0.500000000         1520000   191.544052       166.636368       202.219971    
  0.500000000         1530000   191.480591       166.529739       202.170349    
  0.500000000         1540000   191.417557       166.425186       202.119415    
  0.500000000         1550000   191.354950       166.321075       202.069046    
  0.500000000         1560000   191.292755       166.216187       202.020691    
  0.500000000         1570000   191.230988       166.112015       201.973007    
  0.500000000         1580000   191.169632       166.011093       201.922333    
  0.500000000         1590000   191.108688       165.908051       201.875671    
  0.500000000         1600000   191.048141       165.806808       201.827576    
  0.500000000         1610000   190.987991       165.706253       201.780167    
  0.500000000         1620000   190.928223       165.606216       201.733200    
  0.500000000         1630000   190.868851       165.506699       201.686691    
  0.500000000         1640000   190.809860       165.407776       201.640640    
  0.500000000         1650000   190.751236       165.310638       201.593384    
  0.500000000         1660000   190.692993       165.212753       201.548111    
  0.500000000         1670000   190.635117       165.116730       201.501648    
  0.500000000         1680000   190.577606       165.021133       201.455856    
  0.500000000         1690000   190.520447       164.924759       201.411850    
  0.500000000         1700000   190.463638       164.830261       201.366852    
  0.500000000         1710000   190.407196       164.734833       201.323746    
  0.500000000         1720000   190.351089       164.642609       201.277878    
  0.500000000         1730000   190.295334       164.548096       201.235672    
  0.500000000         1740000   190.239899       164.456787       201.190613    
  0.500000000         1750000   190.184799       164.363281       201.149078    
  0.500000000         1760000   190.130051       164.272903       201.104919    
  0.500000000         1770000   190.075607       164.181656       201.062637    
  0.500000000         1780000   190.021500       164.090927       201.020813    
  0.500000000         1790000   189.967697       164.001846       200.977768    
  0.500000000         1800000   189.914215       163.911942       200.936508    
  0.500000000         1810000   189.861053       163.822418       200.895813    
  0.500000000         1820000   189.808182       163.736023       200.852371    
  0.500000000         1830000   189.755615       163.647324       200.812347    
  0.500000000         1840000   189.703369       163.560379       200.771118    
  0.500000000         1850000   189.651413       163.473938       200.730225    
  0.500000000         1860000   189.599747       163.387894       200.689789    
  0.500000000         1870000   189.548370       163.302170       200.649582    
  0.500000000         1880000   189.497284       163.216843       200.609818    
  0.500000000         1890000   189.446472       163.131927       200.570282    
  0.500000000         1900000   189.395950       163.047501       200.531097    
  0.500000000         1910000   189.345718       162.964722       200.490692    
  0.500000000         1920000   189.295746       162.880905       200.452286    
  0.500000000         1930000   189.246063       162.798843       200.412674    
  0.500000000         1940000   189.196625       162.715927       200.374832    
  0.500000000         1950000   189.147476       162.633316       200.337326    
  0.500000000         1960000   189.098572       162.553619       200.297073    
  0.500000000         1970000   189.049942       162.471710       200.260239    
  0.500000000         1980000   189.001572       162.390213       200.223633    
  0.500000000         1990000   188.953461       162.310349       200.185822    
  0.500000000         2000000   188.905594       162.231964       200.146820    
  0.500000000         2000000   188.905594       162.231964       200.146820    
  0.500000000         3000000   185.073776       155.889191       197.182877    
  0.500000000         4000000   182.402298       151.516357       195.136719    
  0.500000000         5000000   180.356720       148.197861       193.579254    
  0.500000000         6000000   178.702393       145.534760       192.323395    
  0.500000000         7000000   177.315536       143.316513       191.273193    
  0.500000000         8000000   176.122879       141.421463       190.369247    
  0.500000000         9000000   175.077545       139.767822       189.579559    
  0.500000000        10000000   174.147720       138.303940       188.877213    
  0.500000000        11000000   173.310852       136.992508       188.244629    
  0.500000000        12000000   172.550354       135.805069       187.670609    
  0.500000000        13000000   171.853714       134.721970       187.143951    
  0.500000000        14000000   171.211243       133.725510       186.659241    
  0.500000000        15000000   170.615250       132.805161       186.208496    
  0.500000000        16000000   170.059647       131.949371       185.788528    
  0.500000000        17000000   169.539368       131.149704       185.395859    
  0.500000000        18000000   169.050293       130.400269       185.026566    
  0.500000000        19000000   168.588974       129.694611       184.678589    
  0.500000000        20000000   168.152466       129.029053       184.348770    
  0.500000000        30000000   164.741623       123.881546       181.769394    
  0.500000000       130000000   152.973907       106.876976       172.811417    
  0.500000000       230000000   148.625717       100.897469       169.467590    
  0.500000000       330000000   145.938461       97.2854385       167.389389    
  0.500000000       430000000   143.999084       94.7186050       165.883743    
  0.500000000       530000000   142.485352       92.7383347       164.704987    
  0.500000000       630000000   141.246048       91.1324768       163.737106    
  0.500000000       730000000   140.198242       89.7855682       162.916870    
  0.500000000       830000000   139.291489       88.6276550       162.206223    
  0.500000000       930000000   138.492935       87.6139603       161.579468    
  0.500000000      1030000000   137.779907       86.7140808       161.018250    
  0.500000000      1130000000   137.136169       85.9051743       160.511566    
  0.500000000      1230000000   136.549698       85.1716614       160.049179    
  0.500000000      1330000000   136.011307       84.5010300       159.623947    
