 0
  -1.00000000    
   50.0000000    
   29.3650684    
   106.259552    
   4.70000058E-02
   2.12999992E-04
  0.921122134    
   1624545.38    
   3.43089202E+13
   4.92754635E+13
  0.303732157    
  -1.00000000               1   104.941544    
  -1.00000000              51   104.889313    
  -1.00000000             101   104.837639    
  -1.00000000             151   104.786537    
  -1.00000000             201   104.735985    
  -1.00000000             251   104.685966    
  -1.00000000             301   104.636475    
  -1.00000000             351   104.587502    
  -1.00000000             401   104.539032    
  -1.00000000             451   104.491066    
  -1.00000000             501   104.443573    
  -1.00000000             551   104.396568    
  -1.00000000             601   104.350021    
  -1.00000000             651   104.303932    
  -1.00000000             701   104.258301    
  -1.00000000             751   104.213104    
  -1.00000000             801   104.168335    
  -1.00000000             851   104.123993    
  -1.00000000             901   104.080070    
  -1.00000000             951   104.036568    
  -1.00000000            1000   103.994308    
  -1.00000000           10000   99.4622421    
  -1.00000000           20000   97.0648422    
  -1.00000000           30000   95.5260315    
  -1.00000000           40000   94.3956451    
  -1.00000000           50000   93.5040665    
  -1.00000000           60000   92.7690353    
  -1.00000000           70000   92.1444626    
  -1.00000000           80000   91.6019135    
  -1.00000000           90000   91.1226807    
  -1.00000000          100000   90.6937408    
  -1.00000000          110000   90.3057098    
  -1.00000000          120000   89.9515991    
  -1.00000000          130000   89.6260529    
  -1.00000000          140000   89.3248825    
  -1.00000000          150000   89.0447540    
  -1.00000000          160000   88.7829819    
  -1.00000000          170000   88.5373535    
  -1.00000000          180000   88.3060226    
  -1.00000000          190000   88.0874481    
  -1.00000000          200000   87.8803253    
  -1.00000000          210000   87.6835403    
  -1.00000000          220000   87.4961243    
  -1.00000000          230000   87.3172455    
  -1.00000000          240000   87.1461716    
  -1.00000000          250000   86.9822693    
  -1.00000000          260000   86.8249664    
  -1.00000000          270000   86.6737747    
  -1.00000000          280000   86.5282364    
  -1.00000000          290000   86.3879471    
  -1.00000000          300000   86.2525635    
  -1.00000000          310000   86.1217575    
  -1.00000000          320000   85.9952240    
  -1.00000000          330000   85.8727036    
  -1.00000000          340000   85.7539673    
  -1.00000000          350000   85.6387787    
  -1.00000000          360000   85.5269470    
  -1.00000000          370000   85.4182816    
  -1.00000000          380000   85.3125992    
  -1.00000000          390000   85.2097626    
  -1.00000000          400000   85.1096191    
  -1.00000000          410000   85.0120316    
  -1.00000000          420000   84.9168854    
  -1.00000000          430000   84.8240433    
  -1.00000000          440000   84.7334213    
  -1.00000000          450000   84.6448975    
  -1.00000000          460000   84.5584030    
  -1.00000000          470000   84.4738235    
  -1.00000000          480000   84.3910980    
  -1.00000000          490000   84.3101349    
  -1.00000000          500000   84.2308731    
  -1.00000000          510000   84.1532288    
  -1.00000000          520000   84.0771561    
  -1.00000000          530000   84.0025864    
  -1.00000000          540000   83.9294586    
  -1.00000000          550000   83.8577271    
  -1.00000000          560000   83.7873383    
  -1.00000000          570000   83.7182388    
  -1.00000000          580000   83.6503830    
  -1.00000000          590000   83.5837402    
  -1.00000000          600000   83.5182571    
  -1.00000000          610000   83.4539032    
  -1.00000000          620000   83.3906174    
  -1.00000000          630000   83.3284073    
  -1.00000000          640000   83.2672043    
  -1.00000000          650000   83.2069931    
  -1.00000000          660000   83.1477280    
  -1.00000000          670000   83.0893936    
  -1.00000000          680000   83.0319595    
  -1.00000000          690000   82.9753952    
  -1.00000000          700000   82.9196701    
  -1.00000000          710000   82.8647690    
  -1.00000000          720000   82.8106766    
  -1.00000000          730000   82.7573547    
  -1.00000000          740000   82.7047882    
  -1.00000000          750000   82.6529541    
  -1.00000000          760000   82.6018295    
  -1.00000000          770000   82.5514145    
  -1.00000000          780000   82.5016632    
  -1.00000000          790000   82.4525757    
  -1.00000000          800000   82.4041214    
  -1.00000000          810000   82.3563156    
  -1.00000000          820000   82.3090973    
  -1.00000000          830000   82.2624893    
  -1.00000000          840000   82.2164536    
  -1.00000000          850000   82.1709824    
  -1.00000000          860000   82.1260757    
  -1.00000000          870000   82.0817032    
  -1.00000000          880000   82.0378571    
  -1.00000000          890000   81.9945297    
  -1.00000000          900000   81.9517136    
  -1.00000000          910000   81.9093781    
  -1.00000000          920000   81.8675308    
  -1.00000000          930000   81.8261566    
  -1.00000000          940000   81.7852402    
  -1.00000000          950000   81.7447662    
  -1.00000000          960000   81.7047501    
  -1.00000000          970000   81.6651535    
  -1.00000000          980000   81.6259918    
  -1.00000000          990000   81.5872345    
  -1.00000000         1000000   81.5488815    
  -1.00000000         1010000   81.5109329    
  -1.00000000         1020000   81.4733658    
  -1.00000000         1030000   81.4361877    
  -1.00000000         1040000   81.3993835    
  -1.00000000         1050000   81.3629456    
  -1.00000000         1060000   81.3268661    
  -1.00000000         1070000   81.2911377    
  -1.00000000         1080000   81.2557602    
  -1.00000000         1090000   81.2207184    
  -1.00000000         1100000   81.1860123    
  -1.00000000         1110000   81.1516342    
  -1.00000000         1120000   81.1175842    
  -1.00000000         1130000   81.0838394    
  -1.00000000         1140000   81.0504074    
  -1.00000000         1150000   81.0172806    
  -1.00000000         1160000   80.9844513    
  -1.00000000         1170000   80.9519119    
  -1.00000000         1180000   80.9196701    
  -1.00000000         1190000   80.8877106    
  -1.00000000         1200000   80.8560333    
  -1.00000000         1210000   80.8246155    
  -1.00000000         1220000   80.7934799    
  -1.00000000         1230000   80.7626038    
  -1.00000000         1240000   80.7319946    
  -1.00000000         1250000   80.7016373    
  -1.00000000         1260000   80.6715240    
  -1.00000000         1270000   80.6416702    
  -1.00000000         1280000   80.6120529    
  -1.00000000         1290000   80.5826874    
  -1.00000000         1300000   80.5535431    
  -1.00000000         1310000   80.5246506    
  -1.00000000         1320000   80.4959793    
  -1.00000000         1330000   80.4675293    
  -1.00000000         1340000   80.4393005    
  -1.00000000         1350000   80.4112930    
  -1.00000000         1360000   80.3835068    
  -1.00000000         1370000   80.3559265    
  -1.00000000         1380000   80.3285599    
  -1.00000000         1390000   80.3013916    
  -1.00000000         1400000   80.2744370    
  -1.00000000         1410000   80.2476730    
  -1.00000000         1420000   80.2211151    
  -1.00000000         1430000   80.1947403    
  -1.00000000         1440000   80.1685715    
  -1.00000000         1450000   80.1425781    
  -1.00000000         1460000   80.1167755    
  -1.00000000         1470000   80.0911636    
  -1.00000000         1480000   80.0657272    
  -1.00000000         1490000   80.0404739    
  -1.00000000         1500000   80.0153961    
  -1.00000000         1510000   79.9904861    
  -1.00000000         1520000   79.9657440    
  -1.00000000         1530000   79.9411850    
  -1.00000000         1540000   79.9167786    
  -1.00000000         1550000   79.8925476    
  -1.00000000         1560000   79.8684845    
  -1.00000000         1570000   79.8445663    
  -1.00000000         1580000   79.8208160    
  -1.00000000         1590000   79.7972183    
  -1.00000000         1600000   79.7737808    
  -1.00000000         1610000   79.7504883    
  -1.00000000         1620000   79.7273483    
  -1.00000000         1630000   79.7043610    
  -1.00000000         1640000   79.6815186    
  -1.00000000         1650000   79.6588211    
  -1.00000000         1660000   79.6362610    
  -1.00000000         1670000   79.6138535    
  -1.00000000         1680000   79.5915756    
  -1.00000000         1690000   79.5694427    
  -1.00000000         1700000   79.5474396    
  -1.00000000         1710000   79.5255737    
  -1.00000000         1720000   79.5038452    
  -1.00000000         1730000   79.4822464    
  -1.00000000         1740000   79.4607697    
  -1.00000000         1750000   79.4394379    
  -1.00000000         1760000   79.4182129    
  -1.00000000         1770000   79.3971329    
  -1.00000000         1780000   79.3761597    
  -1.00000000         1790000   79.3553162    
  -1.00000000         1800000   79.3346024    
  -1.00000000         1810000   79.3139877    
  -1.00000000         1820000   79.2935181    
  -1.00000000         1830000   79.2731476    
  -1.00000000         1840000   79.2528992    
  -1.00000000         1850000   79.2327576    
  -1.00000000         1860000   79.2127380    
  -1.00000000         1870000   79.1928329    
  -1.00000000         1880000   79.1730347    
  -1.00000000         1890000   79.1533432    
  -1.00000000         1900000   79.1337662    
  -1.00000000         1910000   79.1142883    
  -1.00000000         1920000   79.0949173    
  -1.00000000         1930000   79.0756607    
  -1.00000000         1940000   79.0565033    
  -1.00000000         1950000   79.0374527    
  -1.00000000         1960000   79.0184860    
  -1.00000000         1970000   78.9996414    
  -1.00000000         1980000   78.9808807    
  -1.00000000         1990000   78.9622345    
  -1.00000000         2000000   78.9436722    
  -1.00000000         3000000   77.4563370    
  -1.00000000         4000000   76.4175034    
  -1.00000000         5000000   75.6210785    
  -1.00000000         6000000   74.9763870    
  -1.00000000         7000000   74.4355316    
  -1.00000000         8000000   73.9701309    
  -1.00000000         9000000   73.5620117    
  -1.00000000        10000000   73.1988068    
  -1.00000000        11000000   72.8717804    
  -1.00000000        12000000   72.5745010    
  -1.00000000        13000000   72.3021011    
  -1.00000000        14000000   72.0507812    
  -1.00000000        15000000   71.8176041    
  -1.00000000        16000000   71.6001587    
  -1.00000000        17000000   71.3964844    
  -1.00000000        18000000   71.2050018    
  -1.00000000        19000000   71.0243301    
  -1.00000000        20000000   70.8533554    
  -1.00000000        30000000   69.5161438    
  -1.00000000       130000000   64.8869705    
  -1.00000000       230000000   63.1701584    
  -1.00000000       330000000   62.1073685    
  -1.00000000       430000000   61.3395157    
  -1.00000000       530000000   60.7396660    
  -1.00000000       630000000   60.2482529    
  -1.00000000       730000000   59.8325157    
  -1.00000000       830000000   59.4725800    
  -1.00000000       930000000   59.1554527    
  -1.00000000      1030000000   58.8721848    
  -1.00000000      1130000000   58.6163597    
  -1.00000000      1230000000   58.3832054    
  -1.00000000      1330000000   58.1691208    
 0
  0.100000001    
   50.0000000    
   23.5134983    
   210.959351    
  0.311497778    
   1.99999999E-06
 -0.747741699    
   1529126.00    
   3.50733929E+13
   5.33968118E+13
  0.343155682    
  0.100000001               1   207.696548    
  0.100000001              51   207.690063    
  0.100000001             101   207.683609    
  0.100000001             151   207.677124    
  0.100000001             201   207.670670    
  0.100000001             251   207.664200    
  0.100000001             301   207.657745    
  0.100000001             351   207.651276    
  0.100000001             401   207.644821    
  0.100000001             451   207.638351    
  0.100000001             501   207.631882    
  0.100000001             551   207.625443    
  0.100000001             601   207.618973    
  0.100000001             651   207.612518    
  0.100000001             701   207.606049    
  0.100000001             751   207.599594    
  0.100000001             801   207.593140    
  0.100000001             851   207.586670    
  0.100000001             901   207.580215    
  0.100000001             951   207.573776    
  0.100000001            1000   207.567444    
  0.100000001           10000   206.419449    
  0.100000001           20000   205.174652    
  0.100000001           30000   203.960846    
  0.100000001           40000   202.776733    
  0.100000001           50000   201.621002    
  0.100000001           60000   200.492538    
  0.100000001           70000   199.390198    
  0.100000001           80000   198.312912    
  0.100000001           90000   197.259720    
  0.100000001          100000   196.229675    
  0.100000001          110000   195.221924    
  0.100000001          120000   194.235596    
  0.100000001          130000   193.269928    
  0.100000001          140000   192.324142    
  0.100000001          150000   191.397552    
  0.100000001          160000   190.489471    
  0.100000001          170000   189.599258    
  0.100000001          180000   188.726273    
  0.100000001          190000   187.870010    
  0.100000001          200000   187.029846    
  0.100000001          210000   186.205276    
  0.100000001          220000   185.395798    
  0.100000001          230000   184.600937    
  0.100000001          240000   183.820236    
  0.100000001          250000   183.053238    
  0.100000001          260000   182.299545    
  0.100000001          270000   181.558731    
  0.100000001          280000   180.830444    
  0.100000001          290000   180.114304    
  0.100000001          300000   179.409943    
  0.100000001          310000   178.717041    
  0.100000001          320000   178.035263    
  0.100000001          330000   177.364304    
  0.100000001          340000   176.703888    
  0.100000001          350000   176.053680    
  0.100000001          360000   175.413437    
  0.100000001          370000   174.782867    
  0.100000001          380000   174.161758    
  0.100000001          390000   173.549805    
  0.100000001          400000   172.946823    
  0.100000001          410000   172.352570    
  0.100000001          420000   171.766815    
  0.100000001          430000   171.189346    
  0.100000001          440000   170.619965    
  0.100000001          450000   170.058487    
  0.100000001          460000   169.504684    
  0.100000001          470000   168.958389    
  0.100000001          480000   168.419479    
  0.100000001          490000   167.887695    
  0.100000001          500000   167.362930    
  0.100000001          510000   166.844986    
  0.100000001          520000   166.333725    
  0.100000001          530000   165.828995    
  0.100000001          540000   165.330658    
  0.100000001          550000   164.838547    
  0.100000001          560000   164.352570    
  0.100000001          570000   163.872559    
  0.100000001          580000   163.398407    
  0.100000001          590000   162.929962    
  0.100000001          600000   162.467133    
  0.100000001          610000   162.009781    
  0.100000001          620000   161.557785    
  0.100000001          630000   161.111069    
  0.100000001          640000   160.669510    
  0.100000001          650000   160.233002    
  0.100000001          660000   159.801437    
  0.100000001          670000   159.374741    
  0.100000001          680000   158.952789    
  0.100000001          690000   158.535492    
  0.100000001          700000   158.122787    
  0.100000001          710000   157.714554    
  0.100000001          720000   157.310715    
  0.100000001          730000   156.911209    
  0.100000001          740000   156.515930    
  0.100000001          750000   156.124817    
  0.100000001          760000   155.737793    
  0.100000001          770000   155.354752    
  0.100000001          780000   154.975677    
  0.100000001          790000   154.600449    
  0.100000001          800000   154.229019    
  0.100000001          810000   153.861328    
  0.100000001          820000   153.497284    
  0.100000001          830000   153.136856    
  0.100000001          840000   152.779938    
  0.100000001          850000   152.426514    
  0.100000001          860000   152.076508    
  0.100000001          870000   151.729858    
  0.100000001          880000   151.386505    
  0.100000001          890000   151.046402    
  0.100000001          900000   150.709503    
  0.100000001          910000   150.375748    
  0.100000001          920000   150.045059    
  0.100000001          930000   149.717438    
  0.100000001          940000   149.392792    
  0.100000001          950000   149.071091    
  0.100000001          960000   148.752289    
  0.100000001          970000   148.436340    
  0.100000001          980000   148.123199    
  0.100000001          990000   147.812820    
  0.100000001         1000000   147.505142    
  0.100000001         1010000   147.200150    
  0.100000001         1020000   146.897812    
  0.100000001         1030000   146.598068    
  0.100000001         1040000   146.300858    
  0.100000001         1050000   146.006195    
  0.100000001         1060000   145.714005    
  0.100000001         1070000   145.424271    
  0.100000001         1080000   145.136932    
  0.100000001         1090000   144.851974    
  0.100000001         1100000   144.569366    
  0.100000001         1110000   144.289062    
  0.100000001         1120000   144.011017    
  0.100000001         1130000   143.735229    
  0.100000001         1140000   143.461655    
  0.100000001         1150000   143.190247    
  0.100000001         1160000   142.920990    
  0.100000001         1170000   142.653854    
  0.100000001         1180000   142.388794    
  0.100000001         1190000   142.125824    
  0.100000001         1200000   141.864868    
  0.100000001         1210000   141.605927    
  0.100000001         1220000   141.348953    
  0.100000001         1230000   141.093933    
  0.100000001         1240000   140.840851    
  0.100000001         1250000   140.589645    
  0.100000001         1260000   140.340332    
  0.100000001         1270000   140.092865    
  0.100000001         1280000   139.847229    
  0.100000001         1290000   139.603409    
  0.100000001         1300000   139.361343    
  0.100000001         1310000   139.121063    
  0.100000001         1320000   138.882507    
  0.100000001         1330000   138.645660    
  0.100000001         1340000   138.410492    
  0.100000001         1350000   138.177017    
  0.100000001         1360000   137.945175    
  0.100000001         1370000   137.714966    
  0.100000001         1380000   137.486359    
  0.100000001         1390000   137.259338    
  0.100000001         1400000   137.033905    
  0.100000001         1410000   136.810028    
  0.100000001         1420000   136.587662    
  0.100000001         1430000   136.366821    
  0.100000001         1440000   136.147476    
  0.100000001         1450000   135.929611    
  0.100000001         1460000   135.713196    
  0.100000001         1470000   135.498230    
  0.100000001         1480000   135.284683    
  0.100000001         1490000   135.072556    
  0.100000001         1500000   134.861816    
  0.100000001         1510000   134.652451    
  0.100000001         1520000   134.444443    
  0.100000001         1530000   134.237793    
  0.100000001         1540000   134.032486    
  0.100000001         1550000   133.828476    
  0.100000001         1560000   133.625763    
  0.100000001         1570000   133.424362    
  0.100000001         1580000   133.224213    
  0.100000001         1590000   133.025314    
  0.100000001         1600000   132.827682    
  0.100000001         1610000   132.631271    
  0.100000001         1620000   132.436066    
  0.100000001         1630000   132.242065    
  0.100000001         1640000   132.049271    
  0.100000001         1650000   131.857651    
  0.100000001         1660000   131.667191    
  0.100000001         1670000   131.477890    
  0.100000001         1680000   131.289719    
  0.100000001         1690000   131.102676    
  0.100000001         1700000   130.916763    
  0.100000001         1710000   130.731934    
  0.100000001         1720000   130.548218    
  0.100000001         1730000   130.365585    
  0.100000001         1740000   130.184021    
  0.100000001         1750000   130.003525    
  0.100000001         1760000   129.824066    
  0.100000001         1770000   129.645630    
  0.100000001         1780000   129.468231    
  0.100000001         1790000   129.291870    
  0.100000001         1800000   129.116501    
  0.100000001         1810000   128.942139    
  0.100000001         1820000   128.768753    
  0.100000001         1830000   128.596344    
  0.100000001         1840000   128.424911    
  0.100000001         1850000   128.254425    
  0.100000001         1860000   128.084885    
  0.100000001         1870000   127.916298    
  0.100000001         1880000   127.748650    
  0.100000001         1890000   127.581902    
  0.100000001         1900000   127.416069    
  0.100000001         1910000   127.251137    
  0.100000001         1920000   127.087120    
  0.100000001         1930000   126.923981    
  0.100000001         1940000   126.761711    
  0.100000001         1950000   126.600311    
  0.100000001         1960000   126.439774    
  0.100000001         1970000   126.280098    
  0.100000001         1980000   126.121277    
  0.100000001         1990000   125.963264    
  0.100000001         2000000   125.806114    
  0.100000001         3000000   113.287796    
  0.100000001         4000000   104.757431    
  0.100000001         5000000   98.4096756    
  0.100000001         6000000   93.4196854    
  0.100000001         7000000   89.3468933    
  0.100000001         8000000   85.9304733    
  0.100000001         9000000   83.0042648    
  0.100000001        10000000   80.4564590    
  0.100000001        11000000   78.2085190    
  0.100000001        12000000   76.2033539    
  0.100000001        13000000   74.3982391    
  0.100000001        14000000   72.7604828    
  0.100000001        15000000   71.2645340    
  0.100000001        16000000   69.8900833    
  0.100000001        17000000   68.6207581    
  0.100000001        18000000   67.4431610    
  0.100000001        19000000   66.3462219    
  0.100000001        20000000   65.3206787    
  0.100000001        30000000   57.7168961    
  0.100000001       130000000   36.6987381    
  0.100000001       230000000   30.7391834    
  0.100000001       330000000   27.4753189    
  0.100000001       430000000   25.3035984    
  0.100000001       530000000   23.7096786    
  0.100000001       630000000   22.4679489    
  0.100000001       730000000   21.4608917    
  0.100000001       830000000   20.6201267    
  0.100000001       930000000   19.9026337    
  0.100000001      1030000000   19.2797470    
  0.100000001      1130000000   18.7314796    
  0.100000001      1230000000   18.2433891    
  0.100000001      1330000000   17.8047314    
 0
   10.0000000    
   50.0000000    
   28.4740696    
   314.701813    
   4.50000018E-02
   9.48189449    
  -6.93898201E-02
   1595645.50    
   3.81912686E+13
   5.86413779E+13
  0.348731756    
   10.0000000               1   310.677002    
   10.0000000              51   235.425751    
   10.0000000             101   228.206604    
   10.0000000             151   224.084045    
   10.0000000             201   221.203583    
   10.0000000             251   218.994522    
   10.0000000             301   217.205826    
   10.0000000             351   215.704834    
   10.0000000             401   214.412918    
   10.0000000             451   213.279770    
   10.0000000             501   212.271194    
   10.0000000             551   211.362885    
   10.0000000             601   210.537079    
   10.0000000             651   209.780212    
   10.0000000             701   209.081909    
   10.0000000             751   208.433868    
   10.0000000             801   207.829498    
   10.0000000             851   207.263382    
   10.0000000             901   206.730988    
   10.0000000             951   206.228683    
   10.0000000            1000   205.762527    
   10.0000000           10000   185.502838    
   10.0000000           20000   179.805649    
   10.0000000           30000   176.554565    
   10.0000000           40000   174.283600    
   10.0000000           50000   172.542267    
   10.0000000           60000   171.132401    
   10.0000000           70000   169.949402    
   10.0000000           80000   168.931244    
   10.0000000           90000   168.038208    
   10.0000000          100000   167.243393    
   10.0000000          110000   166.527634    
   10.0000000          120000   165.876862    
   10.0000000          130000   165.280457    
   10.0000000          140000   164.730179    
   10.0000000          150000   164.219543    
   10.0000000          160000   163.743301    
   10.0000000          170000   163.297195    
   10.0000000          180000   162.877716    
   10.0000000          190000   162.481903    
   10.0000000          200000   162.107300    
   10.0000000          210000   161.751755    
   10.0000000          220000   161.413498    
   10.0000000          230000   161.090942    
   10.0000000          240000   160.782715    
   10.0000000          250000   160.487625    
   10.0000000          260000   160.204651    
   10.0000000          270000   159.932770    
   10.0000000          280000   159.671249    
   10.0000000          290000   159.419312    
   10.0000000          300000   159.176285    
   10.0000000          310000   158.941589    
   10.0000000          320000   158.714691    
   10.0000000          330000   158.495056    
   10.0000000          340000   158.282288    
   10.0000000          350000   158.075943    
   10.0000000          360000   157.875671    
   10.0000000          370000   157.681152    
   10.0000000          380000   157.492020    
   10.0000000          390000   157.308044    
   10.0000000          400000   157.128922    
   10.0000000          410000   156.954437    
   10.0000000          420000   156.784332    
   10.0000000          430000   156.618393    
   10.0000000          440000   156.456451    
   10.0000000          450000   156.298309    
   10.0000000          460000   156.143799    
   10.0000000          470000   155.992752    
   10.0000000          480000   155.845032    
   10.0000000          490000   155.700500    
   10.0000000          500000   155.559021    
   10.0000000          510000   155.420456    
   10.0000000          520000   155.284698    
   10.0000000          530000   155.151657    
   10.0000000          540000   155.021194    
   10.0000000          550000   154.893250    
   10.0000000          560000   154.767715    
   10.0000000          570000   154.644501    
   10.0000000          580000   154.523514    
   10.0000000          590000   154.404694    
   10.0000000          600000   154.287949    
   10.0000000          610000   154.173248    
   10.0000000          620000   154.060455    
   10.0000000          630000   153.949585    
   10.0000000          640000   153.840515    
   10.0000000          650000   153.733215    
   10.0000000          660000   153.627640    
   10.0000000          670000   153.523712    
   10.0000000          680000   153.421402    
   10.0000000          690000   153.320633    
   10.0000000          700000   153.221390    
   10.0000000          710000   153.123611    
   10.0000000          720000   153.027283    
   10.0000000          730000   152.932327    
   10.0000000          740000   152.838730    
   10.0000000          750000   152.746429    
   10.0000000          760000   152.655411    
   10.0000000          770000   152.565643    
   10.0000000          780000   152.477081    
   10.0000000          790000   152.389694    
   10.0000000          800000   152.303452    
   10.0000000          810000   152.218338    
   10.0000000          820000   152.134323    
   10.0000000          830000   152.051361    
   10.0000000          840000   151.969437    
   10.0000000          850000   151.888519    
   10.0000000          860000   151.808609    
   10.0000000          870000   151.729645    
   10.0000000          880000   151.651642    
   10.0000000          890000   151.574539    
   10.0000000          900000   151.498352    
   10.0000000          910000   151.423035    
   10.0000000          920000   151.348587    
   10.0000000          930000   151.274979    
   10.0000000          940000   151.202179    
   10.0000000          950000   151.130203    
   10.0000000          960000   151.059006    
   10.0000000          970000   150.988586    
   10.0000000          980000   150.918900    
   10.0000000          990000   150.849976    
   10.0000000         1000000   150.781769    
   10.0000000         1010000   150.714264    
   10.0000000         1020000   150.647461    
   10.0000000         1030000   150.581329    
   10.0000000         1040000   150.515869    
   10.0000000         1050000   150.451080    
   10.0000000         1060000   150.386917    
   10.0000000         1070000   150.323380    
   10.0000000         1080000   150.260468    
   10.0000000         1090000   150.198166    
   10.0000000         1100000   150.136459    
   10.0000000         1110000   150.075317    
   10.0000000         1120000   150.014771    
   10.0000000         1130000   149.954773    
   10.0000000         1140000   149.895340    
   10.0000000         1150000   149.836426    
   10.0000000         1160000   149.778061    
   10.0000000         1170000   149.720215    
   10.0000000         1180000   149.662888    
   10.0000000         1190000   149.606064    
   10.0000000         1200000   149.549744    
   10.0000000         1210000   149.493896    
   10.0000000         1220000   149.438553    
   10.0000000         1230000   149.383652    
   10.0000000         1240000   149.329239    
   10.0000000         1250000   149.275269    
   10.0000000         1260000   149.221756    
   10.0000000         1270000   149.168686    
   10.0000000         1280000   149.116043    
   10.0000000         1290000   149.063828    
   10.0000000         1300000   149.012039    
   10.0000000         1310000   148.960663    
   10.0000000         1320000   148.909698    
   10.0000000         1330000   148.859131    
   10.0000000         1340000   148.808960    
   10.0000000         1350000   148.759186    
   10.0000000         1360000   148.709793    
   10.0000000         1370000   148.660782    
   10.0000000         1380000   148.612137    
   10.0000000         1390000   148.563858    
   10.0000000         1400000   148.515930    
   10.0000000         1410000   148.468384    
   10.0000000         1420000   148.421173    
   10.0000000         1430000   148.374313    
   10.0000000         1440000   148.327789    
   10.0000000         1450000   148.281601    
   10.0000000         1460000   148.235733    
   10.0000000         1470000   148.190216    
   10.0000000         1480000   148.145004    
   10.0000000         1490000   148.100113    
   10.0000000         1500000   148.055557    
   10.0000000         1510000   148.011292    
   10.0000000         1520000   147.967331    
   10.0000000         1530000   147.923676    
   10.0000000         1540000   147.880310    
   10.0000000         1550000   147.837250    
   10.0000000         1560000   147.794479    
   10.0000000         1570000   147.751984    
   10.0000000         1580000   147.709778    
   10.0000000         1590000   147.667847    
   10.0000000         1600000   147.626190    
   10.0000000         1610000   147.584793    
   10.0000000         1620000   147.543686    
   10.0000000         1630000   147.502823    
   10.0000000         1640000   147.462234    
   10.0000000         1650000   147.421906    
   10.0000000         1660000   147.381836    
   10.0000000         1670000   147.342010    
   10.0000000         1680000   147.302414    
   10.0000000         1690000   147.263092    
   10.0000000         1700000   147.223999    
   10.0000000         1710000   147.185150    
   10.0000000         1720000   147.146530    
   10.0000000         1730000   147.108154    
   10.0000000         1740000   147.069992    
   10.0000000         1750000   147.032089    
   10.0000000         1760000   146.994385    
   10.0000000         1770000   146.956909    
   10.0000000         1780000   146.919662    
   10.0000000         1790000   146.882629    
   10.0000000         1800000   146.845810    
   10.0000000         1810000   146.809204    
   10.0000000         1820000   146.772812    
   10.0000000         1830000   146.736618    
   10.0000000         1840000   146.700638    
   10.0000000         1850000   146.664871    
   10.0000000         1860000   146.629288    
   10.0000000         1870000   146.593918    
   10.0000000         1880000   146.558731    
   10.0000000         1890000   146.523758    
   10.0000000         1900000   146.488968    
   10.0000000         1910000   146.454361    
   10.0000000         1920000   146.419952    
   10.0000000         1930000   146.385727    
   10.0000000         1940000   146.351685    
   10.0000000         1950000   146.317825    
   10.0000000         1960000   146.284164    
   10.0000000         1970000   146.250656    
   10.0000000         1980000   146.217331    
   10.0000000         1990000   146.184204    
   10.0000000         2000000   146.151230    
   10.0000000         3000000   143.508728    
   10.0000000         4000000   141.662888    
   10.0000000         5000000   140.247498    
   10.0000000         6000000   139.101562    
   10.0000000         7000000   138.139969    
   10.0000000         8000000   137.312393    
   10.0000000         9000000   136.586533    
   10.0000000        10000000   135.940475    
   10.0000000        11000000   135.358688    
   10.0000000        12000000   134.829727    
   10.0000000        13000000   134.344940    
   10.0000000        14000000   133.897675    
   10.0000000        15000000   133.482620    
   10.0000000        16000000   133.095505    
   10.0000000        17000000   132.732895    
   10.0000000        18000000   132.391937    
   10.0000000        19000000   132.070206    
   10.0000000        20000000   131.765717    
   10.0000000        30000000   129.383347    
   10.0000000       130000000   121.121536    
   10.0000000       230000000   118.051376    
   10.0000000       330000000   116.149048    
   10.0000000       430000000   114.773796    
   10.0000000       530000000   113.698929    
   10.0000000       630000000   112.818024    
   10.0000000       730000000   112.072556    
   10.0000000       830000000   111.426964    
   10.0000000       930000000   110.858009    
   10.0000000      1030000000   110.349686    
   10.0000000      1130000000   109.890526    
   10.0000000      1230000000   109.472000    
   10.0000000      1330000000   109.087616    
 0
  0.500000000    
   50.0000000    
   33.2314568    
   235.847900    
  0.195499256    
   9.99999997E-07
 -0.596696377    
   1661592.12    
   4.14133246E+13
   6.50425317E+13
  0.363288581    
  0.500000000               1   233.261002    
  0.500000000              51   233.258728    
  0.500000000             101   233.256439    
  0.500000000             151   233.254150    
  0.500000000             201   233.251877    
  0.500000000             251   233.249603    
  0.500000000             301   233.247330    
  0.500000000             351   233.245041    
  0.500000000             401   233.242767    
  0.500000000             451   233.240479    
  0.500000000             501   233.238220    
  0.500000000             551   233.235931    
  0.500000000             601   233.233658    
  0.500000000             651   233.231369    
  0.500000000             701   233.229095    
  0.500000000             751   233.226807    
  0.500000000             801   233.224533    
  0.500000000             851   233.222275    
  0.500000000             901   233.219986    
  0.500000000             951   233.217697    
  0.500000000            1000   233.215469    
  0.500000000           10000   232.807724    
  0.500000000           20000   232.359741    
  0.500000000           30000   231.916977    
  0.500000000           40000   231.479340    
  0.500000000           50000   231.046677    
  0.500000000           60000   230.618912    
  0.500000000           70000   230.195953    
  0.500000000           80000   229.777710    
  0.500000000           90000   229.364059    
  0.500000000          100000   228.954910    
  0.500000000          110000   228.550186    
  0.500000000          120000   228.149811    
  0.500000000          130000   227.753693    
  0.500000000          140000   227.361725    
  0.500000000          150000   226.973846    
  0.500000000          160000   226.589996    
  0.500000000          170000   226.210068    
  0.500000000          180000   225.834000    
  0.500000000          190000   225.461731    
  0.500000000          200000   225.093185    
  0.500000000          210000   224.728287    
  0.500000000          220000   224.366974    
  0.500000000          230000   224.009186    
  0.500000000          240000   223.654846    
  0.500000000          250000   223.303925    
  0.500000000          260000   222.956329    
  0.500000000          270000   222.612030    
  0.500000000          280000   222.270950    
  0.500000000          290000   221.933075    
  0.500000000          300000   221.598267    
  0.500000000          310000   221.266541    
  0.500000000          320000   220.937836    
  0.500000000          330000   220.612091    
  0.500000000          340000   220.289246    
  0.500000000          350000   219.969284    
  0.500000000          360000   219.652145    
  0.500000000          370000   219.337769    
  0.500000000          380000   219.026138    
  0.500000000          390000   218.717194    
  0.500000000          400000   218.410873    
  0.500000000          410000   218.107178    
  0.500000000          420000   217.806061    
  0.500000000          430000   217.507446    
  0.500000000          440000   217.211319    
  0.500000000          450000   216.917633    
  0.500000000          460000   216.626373    
  0.500000000          470000   216.337479    
  0.500000000          480000   216.050934    
  0.500000000          490000   215.766693    
  0.500000000          500000   215.484726    
  0.500000000          510000   215.204987    
  0.500000000          520000   214.927444    
  0.500000000          530000   214.652115    
  0.500000000          540000   214.378891    
  0.500000000          550000   214.107788    
  0.500000000          560000   213.838776    
  0.500000000          570000   213.571823    
  0.500000000          580000   213.306885    
  0.500000000          590000   213.043945    
  0.500000000          600000   212.782974    
  0.500000000          610000   212.523956    
  0.500000000          620000   212.266830    
  0.500000000          630000   212.011627    
  0.500000000          640000   211.758270    
  0.500000000          650000   211.506744    
  0.500000000          660000   211.257050    
  0.500000000          670000   211.009155    
  0.500000000          680000   210.763016    
  0.500000000          690000   210.518616    
  0.500000000          700000   210.275940    
  0.500000000          710000   210.034973    
  0.500000000          720000   209.795685    
  0.500000000          730000   209.558044    
  0.500000000          740000   209.322067    
  0.500000000          750000   209.087662    
  0.500000000          760000   208.854889    
  0.500000000          770000   208.623688    
  0.500000000          780000   208.394028    
  0.500000000          790000   208.165909    
  0.500000000          800000   207.939301    
  0.500000000          810000   207.714203    
  0.500000000          820000   207.490601    
  0.500000000          830000   207.268463    
  0.500000000          840000   207.047745    
  0.500000000          850000   206.828461    
  0.500000000          860000   206.610596    
  0.500000000          870000   206.394135    
  0.500000000          880000   206.179047    
  0.500000000          890000   205.965332    
  0.500000000          900000   205.752945    
  0.500000000          910000   205.541901    
  0.500000000          920000   205.332169    
  0.500000000          930000   205.123749    
  0.500000000          940000   204.916595    
  0.500000000          950000   204.710724    
  0.500000000          960000   204.506134    
  0.500000000          970000   204.302765    
  0.500000000          980000   204.100647    
  0.500000000          990000   203.899719    
  0.500000000         1000000   203.700012    
  0.500000000         1010000   203.501480    
  0.500000000         1020000   203.304138    
  0.500000000         1030000   203.107956    
  0.500000000         1040000   202.912918    
  0.500000000         1050000   202.719040    
  0.500000000         1060000   202.526276    
  0.500000000         1070000   202.334625    
  0.500000000         1080000   202.144073    
  0.500000000         1090000   201.954636    
  0.500000000         1100000   201.766251    
  0.500000000         1110000   201.578949    
  0.500000000         1120000   201.392715    
  0.500000000         1130000   201.207520    
  0.500000000         1140000   201.023361    
  0.500000000         1150000   200.840225    
  0.500000000         1160000   200.658112    
  0.500000000         1170000   200.476990    
  0.500000000         1180000   200.296890    
  0.500000000         1190000   200.117752    
  0.500000000         1200000   199.939575    
  0.500000000         1210000   199.762390    
  0.500000000         1220000   199.586151    
  0.500000000         1230000   199.410873    
  0.500000000         1240000   199.236511    
  0.500000000         1250000   199.063095    
  0.500000000         1260000   198.890594    
  0.500000000         1270000   198.718979    
  0.500000000         1280000   198.548294    
  0.500000000         1290000   198.378494    
  0.500000000         1300000   198.209579    
  0.500000000         1310000   198.041550    
  0.500000000         1320000   197.874374    
  0.500000000         1330000   197.708054    
  0.500000000         1340000   197.542587    
  0.500000000         1350000   197.377975    
  0.500000000         1360000   197.214188    
  0.500000000         1370000   197.051224    
  0.500000000         1380000   196.889084    
  0.500000000         1390000   196.727768    
  0.500000000         1400000   196.567261    
  0.500000000         1410000   196.407532    
  0.500000000         1420000   196.248596    
  0.500000000         1430000   196.090454    
  0.500000000         1440000   195.933075    
  0.500000000         1450000   195.776474    
  0.500000000         1460000   195.620621    
  0.500000000         1470000   195.465546    
  0.500000000         1480000   195.311203    
  0.500000000         1490000   195.157608    
  0.500000000         1500000   195.004761    
  0.500000000         1510000   194.852631    
  0.500000000         1520000   194.701218    
  0.500000000         1530000   194.550522    
  0.500000000         1540000   194.400543    
  0.500000000         1550000   194.251266    
  0.500000000         1560000   194.102692    
  0.500000000         1570000   193.954819    
  0.500000000         1580000   193.807617    
  0.500000000         1590000   193.661087    
  0.500000000         1600000   193.515259    
  0.500000000         1610000   193.370071    
  0.500000000         1620000   193.225555    
  0.500000000         1630000   193.081711    
  0.500000000         1640000   192.938522    
  0.500000000         1650000   192.795959    
  0.500000000         1660000   192.654053    
  0.500000000         1670000   192.512772    
  0.500000000         1680000   192.372116    
  0.500000000         1690000   192.232101    
  0.500000000         1700000   192.092712    
  0.500000000         1710000   191.953918    
  0.500000000         1720000   191.815750    
  0.500000000         1730000   191.678192    
  0.500000000         1740000   191.541214    
  0.500000000         1750000   191.404861    
  0.500000000         1760000   191.269089    
  0.500000000         1770000   191.133881    
  0.500000000         1780000   190.999298    
  0.500000000         1790000   190.865250    
  0.500000000         1800000   190.731812    
  0.500000000         1810000   190.598907    
  0.500000000         1820000   190.466599    
  0.500000000         1830000   190.334839    
  0.500000000         1840000   190.203613    
  0.500000000         1850000   190.072952    
  0.500000000         1860000   189.942856    
  0.500000000         1870000   189.813278    
  0.500000000         1880000   189.684265    
  0.500000000         1890000   189.555756    
  0.500000000         1900000   189.427795    
  0.500000000         1910000   189.300354    
  0.500000000         1920000   189.173447    
  0.500000000         1930000   189.047058    
  0.500000000         1940000   188.921173    
  0.500000000         1950000   188.795792    
  0.500000000         1960000   188.670914    
  0.500000000         1970000   188.546555    
  0.500000000         1980000   188.422699    
  0.500000000         1990000   188.299347    
  0.500000000         2000000   188.176468    
  0.500000000         3000000   177.885223    
  0.500000000         4000000   170.291931    
  0.500000000         5000000   164.328979    
  0.500000000         6000000   159.450577    
  0.500000000         7000000   155.341949    
  0.500000000         8000000   151.805817    
  0.500000000         9000000   148.710938    
  0.500000000        10000000   145.965652    
  0.500000000        11000000   143.503662    
  0.500000000        12000000   141.275558    
  0.500000000        13000000   139.243515    
  0.500000000        14000000   137.377991    
  0.500000000        15000000   135.655563    
  0.500000000        16000000   134.057236    
  0.500000000        17000000   132.567566    
  0.500000000        18000000   131.173691    
  0.500000000        19000000   129.864899    
  0.500000000        20000000   128.632050    
  0.500000000        30000000   119.201576    
  0.500000000       130000000   89.9326019    
  0.500000000       230000000   80.4929276    
  0.500000000       330000000   75.0270081    
  0.500000000       430000000   71.2531052    
  0.500000000       530000000   68.4050522    
  0.500000000       630000000   66.1360931    
  0.500000000       730000000   64.2611389    
  0.500000000       830000000   62.6703796    
  0.500000000       930000000   61.2935333    
  0.500000000      1030000000   60.0830917    
  0.500000000      1130000000   59.0054970    
  0.500000000      1230000000   58.0362015    
  0.500000000      1330000000   57.1567688    
