 0
  -1.000000    
          50
   102.2510    
  -8.948433    
 0
 0
 0
 0
 0
 0
 0
  -1.000000       1.000000       102.2510    
  -1.000000       51.00000       86.97094    
  -1.000000       101.0000       84.31548    
  -1.000000       151.0000       82.75259    
  -1.000000       201.0000       81.64102    
  -1.000000       251.0000       80.77769    
  -1.000000       301.0000       80.07173    
  -1.000000       351.0000       79.47450    
  -1.000000       401.0000       78.95695    
  -1.000000       451.0000       78.50030    
  -1.000000       501.0000       78.09170    
  -1.000000       551.0000       77.72200    
  -1.000000       601.0000       77.38445    
  -1.000000       651.0000       77.07388    
  -1.000000       701.0000       76.78630    
  -1.000000       751.0000       76.51855    
  -1.000000       801.0000       76.26805    
  -1.000000       851.0000       76.03274    
  -1.000000       901.0000       75.81086    
  -1.000000       951.0000       75.60097    
  -1.000000       1000.000       75.40572    
  -1.000000       10000.00       66.45728    
  -1.000000       20000.00       63.76353    
  -1.000000       30000.00       62.18779    
  -1.000000       40000.00       61.06979    
  -1.000000       50000.00       60.20260    
  -1.000000       60000.00       59.49405    
  -1.000000       70000.00       58.89498    
  -1.000000       80000.00       58.37604    
  -1.000000       90000.00       57.91831    
  -1.000000       100000.0       57.50885    
  -1.000000       110000.0       57.13845    
  -1.000000       120000.0       56.80030    
  -1.000000       130000.0       56.48923    
  -1.000000       140000.0       56.20123    
  -1.000000       150000.0       55.93311    
  -1.000000       160000.0       55.68230    
  -1.000000       170000.0       55.44669    
  -1.000000       180000.0       55.22456    
  -1.000000       190000.0       55.01444    
  -1.000000       200000.0       54.81510    
  -1.000000       210000.0       54.62549    
  -1.000000       220000.0       54.44470    
  -1.000000       230000.0       54.27195    
  -1.000000       240000.0       54.10656    
  -1.000000       250000.0       53.94791    
  -1.000000       260000.0       53.79549    
  -1.000000       270000.0       53.64882    
  -1.000000       280000.0       53.50749    
  -1.000000       290000.0       53.37111    
  -1.000000       300000.0       53.23936    
  -1.000000       310000.0       53.11193    
  -1.000000       320000.0       52.98855    
  -1.000000       330000.0       52.86896    
  -1.000000       340000.0       52.75294    
  -1.000000       350000.0       52.64029    
  -1.000000       360000.0       52.53082    
  -1.000000       370000.0       52.42434    
  -1.000000       380000.0       52.32069    
  -1.000000       390000.0       52.21975    
  -1.000000       400000.0       52.12136    
  -1.000000       410000.0       52.02539    
  -1.000000       420000.0       51.93175    
  -1.000000       430000.0       51.84030    
  -1.000000       440000.0       51.75096    
  -1.000000       450000.0       51.66362    
  -1.000000       460000.0       51.57821    
  -1.000000       470000.0       51.49463    
  -1.000000       480000.0       51.41281    
  -1.000000       490000.0       51.33268    
  -1.000000       500000.0       51.25417    
  -1.000000       510000.0       51.17720    
  -1.000000       520000.0       51.10174    
  -1.000000       530000.0       51.02772    
  -1.000000       540000.0       50.95507    
  -1.000000       550000.0       50.88376    
  -1.000000       560000.0       50.81374    
  -1.000000       570000.0       50.74495    
  -1.000000       580000.0       50.67736    
  -1.000000       590000.0       50.61093    
  -1.000000       600000.0       50.54562    
  -1.000000       610000.0       50.48138    
  -1.000000       620000.0       50.41819    
  -1.000000       630000.0       50.35601    
  -1.000000       640000.0       50.29480    
  -1.000000       650000.0       50.23455    
  -1.000000       660000.0       50.17522    
  -1.000000       670000.0       50.11678    
  -1.000000       680000.0       50.05920    
  -1.000000       690000.0       50.00246    
  -1.000000       700000.0       49.94655    
  -1.000000       710000.0       49.89142    
  -1.000000       720000.0       49.83707    
  -1.000000       730000.0       49.78346    
  -1.000000       740000.0       49.73059    
  -1.000000       750000.0       49.67842    
  -1.000000       760000.0       49.62695    
  -1.000000       770000.0       49.57615    
  -1.000000       780000.0       49.52600    
  -1.000000       790000.0       49.47649    
  -1.000000       800000.0       49.42761    
  -1.000000       810000.0       49.37933    
  -1.000000       820000.0       49.33165    
  -1.000000       830000.0       49.28454    
  -1.000000       840000.0       49.23800    
  -1.000000       850000.0       49.19201    
  -1.000000       860000.0       49.14655    
  -1.000000       870000.0       49.10162    
  -1.000000       880000.0       49.05721    
  -1.000000       890000.0       49.01330    
  -1.000000       900000.0       48.96988    
  -1.000000       910000.0       48.92693    
  -1.000000       920000.0       48.88446    
  -1.000000       930000.0       48.84245    
  -1.000000       940000.0       48.80088    
  -1.000000       950000.0       48.75975    
  -1.000000       960000.0       48.71906    
  -1.000000       970000.0       48.67879    
  -1.000000       980000.0       48.63893    
  -1.000000       990000.0       48.59948    
  -1.000000       1000000.       48.56042    
  -1.000000       1010000.       48.52175    
  -1.000000       1020000.       48.48346    
  -1.000000       1030000.       48.44555    
  -1.000000       1040000.       48.40800    
  -1.000000       1050000.       48.37081    
  -1.000000       1060000.       48.33397    
  -1.000000       1070000.       48.29748    
  -1.000000       1080000.       48.26133    
  -1.000000       1090000.       48.22551    
  -1.000000       1100000.       48.19002    
  -1.000000       1110000.       48.15485    
  -1.000000       1120000.       48.11999    
  -1.000000       1130000.       48.08545    
  -1.000000       1140000.       48.05121    
  -1.000000       1150000.       48.01727    
  -1.000000       1160000.       47.98362    
  -1.000000       1170000.       47.95026    
  -1.000000       1180000.       47.91719    
  -1.000000       1190000.       47.88439    
  -1.000000       1200000.       47.85187    
  -1.000000       1210000.       47.81962    
  -1.000000       1220000.       47.78763    
  -1.000000       1230000.       47.75591    
  -1.000000       1240000.       47.72444    
  -1.000000       1250000.       47.69323    
  -1.000000       1260000.       47.66226    
  -1.000000       1270000.       47.63154    
  -1.000000       1280000.       47.60106    
  -1.000000       1290000.       47.57081    
  -1.000000       1300000.       47.54080    
  -1.000000       1310000.       47.51102    
  -1.000000       1320000.       47.48147    
  -1.000000       1330000.       47.45214    
  -1.000000       1340000.       47.42303    
  -1.000000       1350000.       47.39413    
  -1.000000       1360000.       47.36545    
  -1.000000       1370000.       47.33698    
  -1.000000       1380000.       47.30872    
  -1.000000       1390000.       47.28066    
  -1.000000       1400000.       47.25280    
  -1.000000       1410000.       47.22514    
  -1.000000       1420000.       47.19767    
  -1.000000       1430000.       47.17040    
  -1.000000       1440000.       47.14332    
  -1.000000       1450000.       47.11642    
  -1.000000       1460000.       47.08972    
  -1.000000       1470000.       47.06319    
  -1.000000       1480000.       47.03684    
  -1.000000       1490000.       47.01067    
  -1.000000       1500000.       46.98468    
  -1.000000       1510000.       46.95885    
  -1.000000       1520000.       46.93320    
  -1.000000       1530000.       46.90772    
  -1.000000       1540000.       46.88240    
  -1.000000       1550000.       46.85725    
  -1.000000       1560000.       46.83226    
  -1.000000       1570000.       46.80742    
  -1.000000       1580000.       46.78275    
  -1.000000       1590000.       46.75823    
  -1.000000       1600000.       46.73386    
  -1.000000       1610000.       46.70965    
  -1.000000       1620000.       46.68559    
  -1.000000       1630000.       46.66167    
  -1.000000       1640000.       46.63790    
  -1.000000       1650000.       46.61428    
  -1.000000       1660000.       46.59079    
  -1.000000       1670000.       46.56746    
  -1.000000       1680000.       46.54425    
  -1.000000       1690000.       46.52119    
  -1.000000       1700000.       46.49826    
  -1.000000       1710000.       46.47547    
  -1.000000       1720000.       46.45281    
  -1.000000       1730000.       46.43028    
  -1.000000       1740000.       46.40788    
  -1.000000       1750000.       46.38561    
  -1.000000       1760000.       46.36346    
  -1.000000       1770000.       46.34145    
  -1.000000       1780000.       46.31955    
  -1.000000       1790000.       46.29778    
  -1.000000       1800000.       46.27613    
  -1.000000       1810000.       46.25460    
  -1.000000       1820000.       46.23318    
  -1.000000       1830000.       46.21189    
  -1.000000       1840000.       46.19071    
  -1.000000       1850000.       46.16965    
  -1.000000       1860000.       46.14870    
  -1.000000       1870000.       46.12786    
  -1.000000       1880000.       46.10714    
  -1.000000       1890000.       46.08652    
  -1.000000       1900000.       46.06601    
  -1.000000       1910000.       46.04561    
  -1.000000       1920000.       46.02531    
  -1.000000       1930000.       46.00513    
  -1.000000       1940000.       45.98504    
  -1.000000       1950000.       45.96506    
  -1.000000       1960000.       45.94518    
  -1.000000       1970000.       45.92541    
  -1.000000       1980000.       45.90573    
  -1.000000       1990000.       45.88615    
  -1.000000       2000000.       45.86667    
  -1.000000       2000000.       45.86667    
  -1.000000       3000000.       44.29093    
  -1.000000       4000000.       43.17292    
  -1.000000       5000000.       42.30573    
  -1.000000       6000000.       41.59718    
  -1.000000       7000000.       40.99812    
  -1.000000       8000000.       40.47918    
  -1.000000       9000000.       40.02144    
  -1.000000      1.0000000E+07   39.61198    
  -1.000000      1.1000000E+07   39.24158    
  -1.000000      1.2000000E+07   38.90343    
  -1.000000      1.3000000E+07   38.59237    
  -1.000000      1.4000000E+07   38.30437    
  -1.000000      1.5000000E+07   38.03624    
  -1.000000      1.6000000E+07   37.78543    
  -1.000000      1.7000000E+07   37.54983    
  -1.000000      1.8000000E+07   37.32769    
  -1.000000      1.9000000E+07   37.11758    
  -1.000000      2.0000000E+07   36.91824    
