 0
  0.1000000    
          50
   50.98544    
  -4.880754    
 0
 0
 0
 0
 0
 0
 0
  0.1000000       1.000000       50.98544    
  0.1000000       51.00000       42.65120    
  0.1000000       101.0000       41.20284    
  0.1000000       151.0000       40.35038    
  0.1000000       201.0000       39.74410    
  0.1000000       251.0000       39.27322    
  0.1000000       301.0000       38.88816    
  0.1000000       351.0000       38.56242    
  0.1000000       401.0000       38.28013    
  0.1000000       451.0000       38.03105    
  0.1000000       501.0000       37.80819    
  0.1000000       551.0000       37.60655    
  0.1000000       601.0000       37.42243    
  0.1000000       651.0000       37.25304    
  0.1000000       701.0000       37.09618    
  0.1000000       751.0000       36.95014    
  0.1000000       801.0000       36.81352    
  0.1000000       851.0000       36.68517    
  0.1000000       901.0000       36.56415    
  0.1000000       951.0000       36.44967    
  0.1000000       1000.000       36.34317    
  0.1000000       10000.00       31.46242    
  0.1000000       20000.00       29.99316    
  0.1000000       30000.00       29.13371    
  0.1000000       40000.00       28.52391    
  0.1000000       50000.00       28.05092    
  0.1000000       60000.00       27.66445    
  0.1000000       70000.00       27.33770    
  0.1000000       80000.00       27.05466    
  0.1000000       90000.00       26.80499    
  0.1000000       100000.0       26.58166    
  0.1000000       110000.0       26.37963    
  0.1000000       120000.0       26.19520    
  0.1000000       130000.0       26.02553    
  0.1000000       140000.0       25.86845    
  0.1000000       150000.0       25.72220    
  0.1000000       160000.0       25.58540    
  0.1000000       170000.0       25.45690    
  0.1000000       180000.0       25.33574    
  0.1000000       190000.0       25.22114    
  0.1000000       200000.0       25.11241    
  0.1000000       210000.0       25.00899    
  0.1000000       220000.0       24.91038    
  0.1000000       230000.0       24.81616    
  0.1000000       240000.0       24.72594    
  0.1000000       250000.0       24.63942    
  0.1000000       260000.0       24.55628    
  0.1000000       270000.0       24.47628    
  0.1000000       280000.0       24.39919    
  0.1000000       290000.0       24.32481    
  0.1000000       300000.0       24.25295    
  0.1000000       310000.0       24.18345    
  0.1000000       320000.0       24.11615    
  0.1000000       330000.0       24.05092    
  0.1000000       340000.0       23.98764    
  0.1000000       350000.0       23.92620    
  0.1000000       360000.0       23.86649    
  0.1000000       370000.0       23.80841    
  0.1000000       380000.0       23.75188    
  0.1000000       390000.0       23.69682    
  0.1000000       400000.0       23.64316    
  0.1000000       410000.0       23.59082    
  0.1000000       420000.0       23.53974    
  0.1000000       430000.0       23.48986    
  0.1000000       440000.0       23.44113    
  0.1000000       450000.0       23.39349    
  0.1000000       460000.0       23.34690    
  0.1000000       470000.0       23.30132    
  0.1000000       480000.0       23.25669    
  0.1000000       490000.0       23.21299    
  0.1000000       500000.0       23.17016    
  0.1000000       510000.0       23.12819    
  0.1000000       520000.0       23.08703    
  0.1000000       530000.0       23.04665    
  0.1000000       540000.0       23.00703    
  0.1000000       550000.0       22.96813    
  0.1000000       560000.0       22.92994    
  0.1000000       570000.0       22.89242    
  0.1000000       580000.0       22.85556    
  0.1000000       590000.0       22.81932    
  0.1000000       600000.0       22.78370    
  0.1000000       610000.0       22.74866    
  0.1000000       620000.0       22.71419    
  0.1000000       630000.0       22.68028    
  0.1000000       640000.0       22.64690    
  0.1000000       650000.0       22.61403    
  0.1000000       660000.0       22.58167    
  0.1000000       670000.0       22.54980    
  0.1000000       680000.0       22.51839    
  0.1000000       690000.0       22.48745    
  0.1000000       700000.0       22.45695    
  0.1000000       710000.0       22.42688    
  0.1000000       720000.0       22.39723    
  0.1000000       730000.0       22.36800    
  0.1000000       740000.0       22.33916    
  0.1000000       750000.0       22.31070    
  0.1000000       760000.0       22.28263    
  0.1000000       770000.0       22.25492    
  0.1000000       780000.0       22.22757    
  0.1000000       790000.0       22.20057    
  0.1000000       800000.0       22.17390    
  0.1000000       810000.0       22.14757    
  0.1000000       820000.0       22.12156    
  0.1000000       830000.0       22.09587    
  0.1000000       840000.0       22.07048    
  0.1000000       850000.0       22.04540    
  0.1000000       860000.0       22.02061    
  0.1000000       870000.0       21.99610    
  0.1000000       880000.0       21.97187    
  0.1000000       890000.0       21.94792    
  0.1000000       900000.0       21.92424    
  0.1000000       910000.0       21.90082    
  0.1000000       920000.0       21.87765    
  0.1000000       930000.0       21.85474    
  0.1000000       940000.0       21.83207    
  0.1000000       950000.0       21.80964    
  0.1000000       960000.0       21.78744    
  0.1000000       970000.0       21.76547    
  0.1000000       980000.0       21.74373    
  0.1000000       990000.0       21.72221    
  0.1000000       1000000.       21.70091    
  0.1000000       1010000.       21.67982    
  0.1000000       1020000.       21.65893    
  0.1000000       1030000.       21.63825    
  0.1000000       1040000.       21.61777    
  0.1000000       1050000.       21.59749    
  0.1000000       1060000.       21.57740    
  0.1000000       1070000.       21.55749    
  0.1000000       1080000.       21.53778    
  0.1000000       1090000.       21.51824    
  0.1000000       1100000.       21.49888    
  0.1000000       1110000.       21.47970    
  0.1000000       1120000.       21.46069    
  0.1000000       1130000.       21.44184    
  0.1000000       1140000.       21.42317    
  0.1000000       1150000.       21.40466    
  0.1000000       1160000.       21.38630    
  0.1000000       1170000.       21.36811    
  0.1000000       1180000.       21.35007    
  0.1000000       1190000.       21.33218    
  0.1000000       1200000.       21.31444    
  0.1000000       1210000.       21.29685    
  0.1000000       1220000.       21.27941    
  0.1000000       1230000.       21.26210    
  0.1000000       1240000.       21.24494    
  0.1000000       1250000.       21.22791    
  0.1000000       1260000.       21.21103    
  0.1000000       1270000.       21.19427    
  0.1000000       1280000.       21.17764    
  0.1000000       1290000.       21.16115    
  0.1000000       1300000.       21.14478    
  0.1000000       1310000.       21.12854    
  0.1000000       1320000.       21.11242    
  0.1000000       1330000.       21.09642    
  0.1000000       1340000.       21.08054    
  0.1000000       1350000.       21.06478    
  0.1000000       1360000.       21.04914    
  0.1000000       1370000.       21.03361    
  0.1000000       1380000.       21.01819    
  0.1000000       1390000.       21.00289    
  0.1000000       1400000.       20.98769    
  0.1000000       1410000.       20.97261    
  0.1000000       1420000.       20.95763    
  0.1000000       1430000.       20.94275    
  0.1000000       1440000.       20.92798    
  0.1000000       1450000.       20.91331    
  0.1000000       1460000.       20.89874    
  0.1000000       1470000.       20.88427    
  0.1000000       1480000.       20.86990    
  0.1000000       1490000.       20.85563    
  0.1000000       1500000.       20.84145    
  0.1000000       1510000.       20.82737    
  0.1000000       1520000.       20.81338    
  0.1000000       1530000.       20.79947    
  0.1000000       1540000.       20.78567    
  0.1000000       1550000.       20.77195    
  0.1000000       1560000.       20.75831    
  0.1000000       1570000.       20.74477    
  0.1000000       1580000.       20.73131    
  0.1000000       1590000.       20.71794    
  0.1000000       1600000.       20.70465    
  0.1000000       1610000.       20.69144    
  0.1000000       1620000.       20.67832    
  0.1000000       1630000.       20.66527    
  0.1000000       1640000.       20.65231    
  0.1000000       1650000.       20.63942    
  0.1000000       1660000.       20.62662    
  0.1000000       1670000.       20.61388    
  0.1000000       1680000.       20.60123    
  0.1000000       1690000.       20.58865    
  0.1000000       1700000.       20.57614    
  0.1000000       1710000.       20.56371    
  0.1000000       1720000.       20.55135    
  0.1000000       1730000.       20.53906    
  0.1000000       1740000.       20.52685    
  0.1000000       1750000.       20.51470    
  0.1000000       1760000.       20.50262    
  0.1000000       1770000.       20.49061    
  0.1000000       1780000.       20.47867    
  0.1000000       1790000.       20.46679    
  0.1000000       1800000.       20.45499    
  0.1000000       1810000.       20.44324    
  0.1000000       1820000.       20.43156    
  0.1000000       1830000.       20.41995    
  0.1000000       1840000.       20.40840    
  0.1000000       1850000.       20.39691    
  0.1000000       1860000.       20.38548    
  0.1000000       1870000.       20.37412    
  0.1000000       1880000.       20.36281    
  0.1000000       1890000.       20.35157    
  0.1000000       1900000.       20.34038    
  0.1000000       1910000.       20.32925    
  0.1000000       1920000.       20.31819    
  0.1000000       1930000.       20.30717    
  0.1000000       1940000.       20.29622    
  0.1000000       1950000.       20.28532    
  0.1000000       1960000.       20.27448    
  0.1000000       1970000.       20.26369    
  0.1000000       1980000.       20.25296    
  0.1000000       1990000.       20.24228    
  0.1000000       2000000.       20.23166    
  0.1000000       2000000.       20.23166    
  0.1000000       3000000.       19.37220    
  0.1000000       4000000.       18.76240    
  0.1000000       5000000.       18.28941    
  0.1000000       6000000.       17.90294    
  0.1000000       7000000.       17.57619    
  0.1000000       8000000.       17.29315    
  0.1000000       9000000.       17.04349    
  0.1000000      1.0000000E+07   16.82015    
  0.1000000      1.1000000E+07   16.61813    
  0.1000000      1.2000000E+07   16.43369    
  0.1000000      1.3000000E+07   16.26402    
  0.1000000      1.4000000E+07   16.10694    
  0.1000000      1.5000000E+07   15.96070    
  0.1000000      1.6000000E+07   15.82389    
  0.1000000      1.7000000E+07   15.69539    
  0.1000000      1.8000000E+07   15.57423    
  0.1000000      1.9000000E+07   15.45963    
  0.1000000      2.0000000E+07   15.35090    
