   240.000000       25210.0000    
   240.000000       9500.00000    
   240.000000       3500.00000    
   230.000000       107441.000    
   230.000000       28461.0000    
   230.000000       21333.0000    
   220.000000       38970.0000    
   220.000000       586000.000    
   220.000000       185694.000    
   210.000000       923020.000    
   210.000000       956833.000    
   210.000000       154000.000    
   190.000000       1996000.00    
   190.000000       243500.000    
   190.000000       1900000.00    
