 0
  -1.000000    
   12.91237    
   180.8270    
  0.1149494    
  0.7794235    
  0.0000000E+00
   7.828066    
   1205356.    
  4.2133629E+13
  4.9413527E+13
  0.1473260    
  -1.000000       1.000000       180.8270       180.8269       180.8269    
  -1.000000       2.000000       166.9783       166.9783       166.9783    
  -1.000000       4.000000       154.1902       154.1901       154.1901    
  -1.000000       6.000000       147.1686       147.1686       147.1686    
  -1.000000       8.000000       142.3815       142.3815       142.3815    
  -1.000000       10.00000       138.7758       138.7758       138.7758    
  -1.000000       20.00000       128.1476       128.1476       128.1476    
  -1.000000       40.00000       118.3334       118.3334       118.3334    
  -1.000000       60.00000       112.9447       112.9447       112.9447    
  -1.000000       80.00000       109.2708       109.2708       109.2708    
  -1.000000       100.0000       106.5036       106.5036       106.5036    
  -1.000000       200.0000       98.34702       98.34699       98.34699    
  -1.000000       400.0000       90.81508       90.81507       90.81507    
  -1.000000       600.0000       86.67950       86.67949       86.67949    
  -1.000000       800.0000       83.85998       83.85998       83.85998    
  -1.000000       1000.000       81.73631       81.73629       81.73629    
  -1.000000       2000.000       75.47651       75.47649       75.47649    
  -1.000000       4000.000       69.69611       69.69611       69.69611    
  -1.000000       6000.000       66.52225       66.52226       66.52226    
  -1.000000       8000.000       64.35841       64.35840       64.35840    
  -1.000000       10000.00       62.72860       62.72860       62.72860    
  -1.000000       20000.00       57.92451       57.92451       57.92451    
  -1.000000       40000.00       53.48835       53.48833       53.48833    
  -1.000000       60000.00       51.05257       51.05255       51.05255    
  -1.000000       80000.00       49.39193       49.39191       49.39191    
  -1.000000       100000.0       48.14112       48.14112       48.14112    
  -1.000000       200000.0       44.45422       44.45420       44.45420    
  -1.000000       400000.0       41.04968       41.04967       41.04967    
  -1.000000       600000.0       39.18034       39.18033       39.18033    
  -1.000000       800000.0       37.90588       37.90588       37.90588    
  -1.000000       1000000.       36.94595       36.94594       36.94594    
  -1.000000       2000000.       34.11643       34.11642       34.11642    
  -1.000000       4000000.       31.50361       31.50361       31.50361    
  -1.000000       6000000.       30.06899       30.06898       30.06898    
  -1.000000       8000000.       29.09090       29.09089       29.09089    
  -1.000000      1.0000000E+07   28.35420       28.35420       28.35420    
  -1.000000      2.0000000E+07   26.18269       26.18268       26.18268    
  -1.000000      4.0000000E+07   24.17748       24.17747       24.17747    
  -1.000000      6.0000000E+07   23.07647       23.07647       23.07647    
  -1.000000      8.0000000E+07   22.32584       22.32584       22.32584    
  -1.000000      1.0000000E+08   21.76046       21.76046       21.76046    
  -1.000000      2.0000000E+08   20.09393       20.09392       20.09392    
  -1.000000      4.0000000E+08   18.55503       18.55503       18.55503    
  -1.000000      6.0000000E+08   17.71006       17.71006       17.71006    
  -1.000000      8.0000000E+08   17.13398       17.13398       17.13398    
  -1.000000      1.0000000E+09   16.70008       16.70008       16.70008    
  -1.000000      2.0000000E+09   15.42110       15.42110       15.42110    
  -1.000000      4.0000000E+09   14.24007       14.24007       14.24007    
  -1.000000      6.0000000E+09   13.59160       13.59160       13.59160    
  -1.000000      8.0000000E+09   13.14949       13.14949       13.14949    
  -1.000000      1.0000000E+10   12.81649       12.81649       12.81649    
  -1.000000      2.0000000E+10   11.83494       11.83494       11.83494    
  -1.000000      4.0000000E+10   10.92856       10.92856       10.92856    
  -1.000000      6.0000002E+10   10.43089       10.43089       10.43089    
  -1.000000      8.0000000E+10   10.09159       10.09159       10.09159    
  -1.000000      9.9999998E+10   9.836029       9.836028       9.836028    
 0
  0.1000000    
   26.76779    
   335.9610    
  0.1102808    
  0.7201338    
   2.508200    
   2.822886    
   2233571.    
  1.5964286E+14
  1.8752013E+14
  0.1486628    
  0.1000000       1.000000       335.9610       246.0307       611.9603    
  0.1000000       2.000000       311.2369       232.1055       547.0712    
  0.1000000       4.000000       288.3322       218.9575       489.0868    
  0.1000000       6.000000       275.7235       211.6088       458.0730    
  0.1000000       8.000000       267.1132       206.5420       437.2744    
  0.1000000       10.00000       260.6202       202.6939       421.7981    
  0.1000000       20.00000       241.4406       191.1812       377.1523    
  0.1000000       40.00000       223.6724       180.3046       337.2654    
  0.1000000       60.00000       213.8912       174.2215       315.9364    
  0.1000000       80.00000       207.2118       170.0251       301.6353    
  0.1000000       100.0000       202.1749       166.8368       290.9956    
  0.1000000       200.0000       187.2964       157.2890       260.3134    
  0.1000000       400.0000       173.5128       148.2513       232.9234    
  0.1000000       600.0000       165.9251       143.1858       218.2901    
  0.1000000       800.0000       160.7436       139.6854       208.4861    
  0.1000000       1000.000       156.8362       137.0215       201.1973    
  0.1000000       2000.000       145.2943       129.0150       180.2135    
  0.1000000       4000.000       134.6018       121.3735       161.5549    
  0.1000000       6000.000       128.7156       117.0470       151.6374    
  0.1000000       8000.000       124.6961       114.0298       145.0249    
  0.1000000       10000.00       121.6650       111.7139       140.1316    
  0.1000000       20000.00       112.7114       104.6043       126.2149    
  0.1000000       40000.00       104.4167       97.48098       114.2240    
  0.1000000       60000.00       99.85053       93.22424       108.1112    
  0.1000000       80000.00       96.73242       90.14275       104.1749    
  0.1000000       100000.0       94.38103       87.71708       101.3426    
  0.1000000       200000.0       87.43532       80.06447       93.63819    
  0.1000000       400000.0       81.00076       72.49761       87.21399    
  0.1000000       600000.0       77.45859       68.23781       83.87009    
  0.1000000       800000.0       75.03972       65.31844       81.63769    
  0.1000000       1000000.       73.21564       63.11887       79.97420    
  0.1000000       2000000.       67.82754       56.66934       75.12380    
  0.1000000       4000000.       62.83596       50.80675       70.66769    
  0.1000000       6000000.       60.08813       47.64216       68.21401    
  0.1000000       8000000.       58.21171       45.51060       66.53448    
  0.1000000      1.0000000E+07   56.79670       43.92014       65.26468    
  0.1000000      2.0000000E+07   52.61690       39.31364       61.49153    
  0.1000000      4.0000000E+07   48.74470       35.17795       57.95683    
  0.1000000      6.0000000E+07   46.61309       32.95947       55.99092    
  0.1000000      8.0000000E+07   45.15746       31.46943       54.63907    
  0.1000000      1.0000000E+08   44.05977       30.35953       53.61419    
  0.1000000      2.0000000E+08   40.81731       27.15256       50.55692    
  0.1000000      4.0000000E+08   37.81347       24.28120       47.68017    
  0.1000000      6.0000000E+08   36.15989       22.74337       46.07611    
  0.1000000      8.0000000E+08   35.03069       21.71129       44.97168    
  0.1000000      1.0000000E+09   34.17916       20.94291       44.13370    
  0.1000000      2.0000000E+09   31.66384       18.72439       41.63097    
  0.1000000      4.0000000E+09   29.33362       16.73986       39.27253    
  0.1000000      6.0000000E+09   28.05086       15.67760       37.95628    
  0.1000000      8.0000000E+09   27.17489       14.96492       37.04958    
  0.1000000      1.0000000E+10   26.51432       14.43443       36.36140    
  0.1000000      2.0000000E+10   24.56307       12.90323       34.30507    
  0.1000000      4.0000000E+10   22.75542       11.53409       32.36610    
  0.1000000      6.0000002E+10   21.76033       10.80142       31.28350    
  0.1000000      8.0000000E+10   21.08080       10.30993       30.53758    
  0.1000000      9.9999998E+10   20.56836       9.944122       29.97136    
