  0.100000001       1.00000000       32.9057999    
  0.100000001       51.0000000       25.0724792    
  0.100000001       101.000000       23.9153996    
  0.100000001       151.000000       23.2595005    
  0.100000001       201.000000       22.8040009    
  0.100000001       251.000000       22.4563808    
  0.100000001       301.000000       22.1760597    
  0.100000001       351.000000       21.9416599    
  0.100000001       401.000000       21.7405300    
  0.100000001       451.000000       21.5646000    
  0.100000001       501.000000       21.4083900    
  0.100000001       551.000000       21.2680302    
  0.100000001       601.000000       21.1406708    
  0.100000001       651.000000       21.0241699    
  0.100000001       701.000000       20.9168701    
  0.100000001       751.000000       20.8174496    
  0.100000001       801.000000       20.7248802    
  0.100000001       851.000000       20.6382809    
  0.100000001       901.000000       20.5569706    
  0.100000001       951.000000       20.4803391    
  0.100000001       1000.00000       20.4093094    
  0.100000001       10000.0000       17.4052505    
  0.100000001       20000.0000       16.5907001    
  0.100000001       30000.0000       16.1320000    
  0.100000001       40000.0000       15.8142700    
  0.100000001       50000.0000       15.5721197    
  0.100000001       60000.0000       15.3770399    
  0.100000001       70000.0000       15.2139997    
  0.100000001       80000.0000       15.0741701    
  0.100000001       90000.0000       14.9518995    
  0.100000001       100000.000       14.8433599    
  0.100000001       110000.000       14.7458601    
  0.100000001       120000.000       14.6574001    
  0.100000001       130000.000       14.5764999    
  0.100000001       140000.000       14.5019999    
  0.100000001       150000.000       14.4329796    
  0.100000001       160000.000       14.3687096    
  0.100000001       170000.000       14.3086004    
  0.100000001       180000.000       14.2521601    
  0.100000001       190000.000       14.1989698    
  0.100000001       200000.000       14.1486998    
  0.100000001       210000.000       14.1010504    
  0.100000001       220000.000       14.0557604    
  0.100000001       230000.000       14.0126200    
  0.100000001       240000.000       13.9714499    
  0.100000001       250000.000       13.9320602    
  0.100000001       260000.000       13.8943300    
  0.100000001       270000.000       13.8581200    
  0.100000001       280000.000       13.8233099    
  0.100000001       290000.000       13.7898102    
  0.100000001       300000.000       13.7575197    
  0.100000001       310000.000       13.7263699    
  0.100000001       320000.000       13.6962605    
  0.100000001       330000.000       13.6671495    
  0.100000001       340000.000       13.6389704    
  0.100000001       350000.000       13.6116600    
  0.100000001       360000.000       13.5851698    
  0.100000001       370000.000       13.5594501    
  0.100000001       380000.000       13.5344696    
  0.100000001       390000.000       13.5101805    
  0.100000001       400000.000       13.4865503    
  0.100000001       410000.000       13.4635496    
  0.100000001       420000.000       13.4411297    
  0.100000001       430000.000       13.4192801    
  0.100000001       440000.000       13.3979597    
  0.100000001       450000.000       13.3771601    
  0.100000001       460000.000       13.3568401    
  0.100000001       470000.000       13.3369999    
  0.100000001       480000.000       13.3175898    
  0.100000001       490000.000       13.2986202    
  0.100000001       500000.000       13.2800503    
  0.100000001       510000.000       13.2618799    
  0.100000001       520000.000       13.2440901    
  0.100000001       530000.000       13.2266502    
  0.100000001       540000.000       13.2095699    
  0.100000001       550000.000       13.1928196    
  0.100000001       560000.000       13.1763897    
  0.100000001       570000.000       13.1602802    
  0.100000001       580000.000       13.1444597    
  0.100000001       590000.000       13.1289301    
  0.100000001       600000.000       13.1136799    
  0.100000001       610000.000       13.0986996    
  0.100000001       620000.000       13.0839796    
  0.100000001       630000.000       13.0695105    
  0.100000001       640000.000       13.0552902    
  0.100000001       650000.000       13.0412998    
  0.100000001       660000.000       13.0275402    
  0.100000001       670000.000       13.0139999    
  0.100000001       680000.000       13.0006704    
  0.100000001       690000.000       12.9875603    
  0.100000001       700000.000       12.9746399    
  0.100000001       710000.000       12.9619198    
  0.100000001       720000.000       12.9493904    
  0.100000001       730000.000       12.9370499    
  0.100000001       740000.000       12.9248800    
  0.100000001       750000.000       12.9128904    
  0.100000001       760000.000       12.9010696    
  0.100000001       770000.000       12.8894100    
  0.100000001       780000.000       12.8779202    
  0.100000001       790000.000       12.8665800    
  0.100000001       800000.000       12.8553896    
  0.100000001       810000.000       12.8443499    
  0.100000001       820000.000       12.8334599    
  0.100000001       830000.000       12.8227100    
  0.100000001       840000.000       12.8120899    
  0.100000001       850000.000       12.8016100    
  0.100000001       860000.000       12.7912703    
  0.100000001       870000.000       12.7810402    
  0.100000001       880000.000       12.7709503    
  0.100000001       890000.000       12.7609701    
  0.100000001       900000.000       12.7511196    
  0.100000001       910000.000       12.7413797    
  0.100000001       920000.000       12.7317495    
  0.100000001       930000.000       12.7222404    
  0.100000001       940000.000       12.7128296    
  0.100000001       950000.000       12.7035303    
  0.100000001       960000.000       12.6943398    
  0.100000001       970000.000       12.6852503    
  0.100000001       980000.000       12.6762505    
  0.100000001       990000.000       12.6673603    
  0.100000001       1000000.00       12.6585598    
  0.100000001       1010000.00       12.6498499    
  0.100000001       1020000.00       12.6412401    
  0.100000001       1030000.00       12.6327105    
  0.100000001       1040000.00       12.6242704    
  0.100000001       1050000.00       12.6159201    
  0.100000001       1060000.00       12.6076603    
  0.100000001       1070000.00       12.5994701    
  0.100000001       1080000.00       12.5913696    
  0.100000001       1090000.00       12.5833502    
  0.100000001       1100000.00       12.5754099    
  0.100000001       1110000.00       12.5675402    
  0.100000001       1120000.00       12.5597496    
  0.100000001       1130000.00       12.5520296    
  0.100000001       1140000.00       12.5443802    
  0.100000001       1150000.00       12.5368099    
  0.100000001       1160000.00       12.5293102    
  0.100000001       1170000.00       12.5218697    
  0.100000001       1180000.00       12.5145102    
  0.100000001       1190000.00       12.5072098    
  0.100000001       1200000.00       12.4999704    
  0.100000001       1210000.00       12.4927998    
  0.100000001       1220000.00       12.4856901    
  0.100000001       1230000.00       12.4786501    
  0.100000001       1240000.00       12.4716597    
  0.100000001       1250000.00       12.4647398    
  0.100000001       1260000.00       12.4578695    
  0.100000001       1270000.00       12.4510603    
  0.100000001       1280000.00       12.4443102    
  0.100000001       1290000.00       12.4376202    
  0.100000001       1300000.00       12.4309797    
  0.100000001       1310000.00       12.4243898    
  0.100000001       1320000.00       12.4178600    
  0.100000001       1330000.00       12.4113798    
  0.100000001       1340000.00       12.4049501    
  0.100000001       1350000.00       12.3985796    
  0.100000001       1360000.00       12.3922501    
  0.100000001       1370000.00       12.3859797    
  0.100000001       1380000.00       12.3797503    
  0.100000001       1390000.00       12.3735704    
  0.100000001       1400000.00       12.3674402    
  0.100000001       1410000.00       12.3613501    
  0.100000001       1420000.00       12.3553104    
  0.100000001       1430000.00       12.3493204    
  0.100000001       1440000.00       12.3433704    
  0.100000001       1450000.00       12.3374596    
  0.100000001       1460000.00       12.3316002    
  0.100000001       1470000.00       12.3257799    
  0.100000001       1480000.00       12.3200102    
  0.100000001       1490000.00       12.3142700    
  0.100000001       1500000.00       12.3085804    
  0.100000001       1510000.00       12.3029203    
  0.100000001       1520000.00       12.2973099    
  0.100000001       1530000.00       12.2917299    
  0.100000001       1540000.00       12.2861996    
  0.100000001       1550000.00       12.2806997    
  0.100000001       1560000.00       12.2752399    
  0.100000001       1570000.00       12.2698202    
  0.100000001       1580000.00       12.2644300    
  0.100000001       1590000.00       12.2590799    
  0.100000001       1600000.00       12.2537699    
  0.100000001       1610000.00       12.2484903    
  0.100000001       1620000.00       12.2432499    
  0.100000001       1630000.00       12.2380400    
  0.100000001       1640000.00       12.2328596    
  0.100000001       1650000.00       12.2277203    
  0.100000001       1660000.00       12.2226200    
  0.100000001       1670000.00       12.2175398    
  0.100000001       1680000.00       12.2124996    
  0.100000001       1690000.00       12.2074900    
  0.100000001       1700000.00       12.2025099    
  0.100000001       1710000.00       12.1975603    
  0.100000001       1720000.00       12.1926403    
  0.100000001       1730000.00       12.1877604    
  0.100000001       1740000.00       12.1829004    
  0.100000001       1750000.00       12.1780701    
  0.100000001       1760000.00       12.1732798    
  0.100000001       1770000.00       12.1685104    
  0.100000001       1780000.00       12.1637697    
  0.100000001       1790000.00       12.1590595    
  0.100000001       1800000.00       12.1543703    
  0.100000001       1810000.00       12.1497202    
  0.100000001       1820000.00       12.1450901    
  0.100000001       1830000.00       12.1404896    
  0.100000001       1840000.00       12.1359196    
  0.100000001       1850000.00       12.1313696    
  0.100000001       1860000.00       12.1268501    
  0.100000001       1870000.00       12.1223497    
  0.100000001       1880000.00       12.1178799    
  0.100000001       1890000.00       12.1134396    
  0.100000001       1900000.00       12.1090202    
  0.100000001       1910000.00       12.1046200    
  0.100000001       1920000.00       12.1002502    
  0.100000001       1930000.00       12.0959101    
  0.100000001       1940000.00       12.0915899    
  0.100000001       1950000.00       12.0872898    
  0.100000001       1960000.00       12.0830097    
  0.100000001       1970000.00       12.0787601    
  0.100000001       1980000.00       12.0745296    
  0.100000001       1990000.00       12.0703297    
  0.100000001       2000000.00       12.0661497    
  0.100000001       2000000.00       12.0661497    
  0.100000001       3000000.00       11.7325401    
  0.100000001       4000000.00       11.5014601    
  0.100000001       5000000.00       11.3253498    
  0.100000001       6000000.00       11.1834698    
  0.100000001       7000000.00       11.0649004    
  0.100000001       8000000.00       10.9631996    
  0.100000001       9000000.00       10.8742704    
  0.100000001       10000000.0       10.7953396    
  0.100000001       11000000.0       10.7244196    
  0.100000001       12000000.0       10.6600904    
  0.100000001       13000000.0       10.6012497    
  0.100000001       14000000.0       10.5470695    
  0.100000001       15000000.0       10.4968700    
  0.100000001       16000000.0       10.4501305    
  0.100000001       17000000.0       10.4064102    
  0.100000001       18000000.0       10.3653603    
  0.100000001       19000000.0       10.3266802    
  0.100000001       20000000.0       10.2901201    
  0.100000001       30000000.0       10.0056200    
  0.100000001       130000000.       9.04084778    
  0.100000001       230000000.       8.69111347    
  0.100000001       330000000.       8.47683811    
  0.100000001       430000000.       8.32309818    
  0.100000001       530000000.       8.20362663    
  0.100000001       630000000.       8.10616207    
  0.100000001       730000000.       8.02400208    
  0.100000001       830000000.       7.95308590    
  0.100000001       930000000.       7.89077091    
  0.100000001       1.03000000E+09   7.83524179    
  0.100000001       1.13000000E+09   7.78520107    
  0.100000001       1.23000000E+09   7.73968601    
  0.100000001       1.33000000E+09   7.69796610    
   10.0000000       1.00000000       29.7455292    
   10.0000000       51.0000000       25.8672791    
   10.0000000       101.000000       25.2468395    
   10.0000000       151.000000       24.8886604    
   10.0000000       201.000000       24.6369991    
   10.0000000       251.000000       24.4433098    
   10.0000000       301.000000       24.2860508    
   10.0000000       351.000000       24.1537991    
   10.0000000       401.000000       24.0397797    
   10.0000000       451.000000       23.9396305    
   10.0000000       501.000000       23.8503609    
   10.0000000       551.000000       23.7698898    
   10.0000000       601.000000       23.6966400    
   10.0000000       651.000000       23.6294498    
   10.0000000       701.000000       23.5674095    
   10.0000000       751.000000       23.5097809    
   10.0000000       801.000000       23.4560108    
   10.0000000       851.000000       23.4055996    
   10.0000000       901.000000       23.3581696    
   10.0000000       951.000000       23.3133907    
   10.0000000       1000.00000       23.2717991    
   10.0000000       10000.0000       21.4436893    
   10.0000000       20000.0000       20.9220295    
   10.0000000       30000.0000       20.6227798    
   10.0000000       40000.0000       20.4130592    
   10.0000000       50000.0000       20.2518501    
   10.0000000       60000.0000       20.1210899    
   10.0000000       70000.0000       20.0111809    
   10.0000000       80000.0000       19.9164696    
   10.0000000       90000.0000       19.8332901    
   10.0000000       100000.000       19.7591801    
   10.0000000       110000.000       19.6923809    
   10.0000000       120000.000       19.6315994    
   10.0000000       130000.000       19.5758495    
   10.0000000       140000.000       19.5243702    
   10.0000000       150000.000       19.4765701    
   10.0000000       160000.000       19.4319592    
   10.0000000       170000.000       19.3901405    
   10.0000000       180000.000       19.3508091    
   10.0000000       190000.000       19.3136692    
   10.0000000       200000.000       19.2784996    
   10.0000000       210000.000       19.2451096    
   10.0000000       220000.000       19.2133293    
   10.0000000       230000.000       19.1830006    
   10.0000000       240000.000       19.1540203    
   10.0000000       250000.000       19.1262608    
   10.0000000       260000.000       19.0996208    
   10.0000000       270000.000       19.0740299    
   10.0000000       280000.000       19.0494003    
   10.0000000       290000.000       19.0256596    
   10.0000000       300000.000       19.0027599    
   10.0000000       310000.000       18.9806309    
   10.0000000       320000.000       18.9592304    
   10.0000000       330000.000       18.9385109    
   10.0000000       340000.000       18.9184399    
   10.0000000       350000.000       18.8989601    
   10.0000000       360000.000       18.8800602    
   10.0000000       370000.000       18.8616791    
   10.0000000       380000.000       18.8438206    
   10.0000000       390000.000       18.8264408    
   10.0000000       400000.000       18.8095093    
   10.0000000       410000.000       18.7930107    
   10.0000000       420000.000       18.7769299    
   10.0000000       430000.000       18.7612400    
   10.0000000       440000.000       18.7459202    
   10.0000000       450000.000       18.7309608    
   10.0000000       460000.000       18.7163391    
   10.0000000       470000.000       18.7020397    
   10.0000000       480000.000       18.6880608    
   10.0000000       490000.000       18.6743698    
   10.0000000       500000.000       18.6609707    
   10.0000000       510000.000       18.6478500    
   10.0000000       520000.000       18.6349792    
   10.0000000       530000.000       18.6223793    
   10.0000000       540000.000       18.6100101    
   10.0000000       550000.000       18.5978794    
   10.0000000       560000.000       18.5859795    
   10.0000000       570000.000       18.5743008    
   10.0000000       580000.000       18.5628204    
   10.0000000       590000.000       18.5515499    
   10.0000000       600000.000       18.5404797    
   10.0000000       610000.000       18.5295906    
   10.0000000       620000.000       18.5188904    
   10.0000000       630000.000       18.5083599    
   10.0000000       640000.000       18.4980106    
   10.0000000       650000.000       18.4878197    
   10.0000000       660000.000       18.4778004    
   10.0000000       670000.000       18.4679298    
   10.0000000       680000.000       18.4582100    
   10.0000000       690000.000       18.4486408    
   10.0000000       700000.000       18.4392109    
   10.0000000       710000.000       18.4299107    
   10.0000000       720000.000       18.4207592    
   10.0000000       730000.000       18.4117298    
   10.0000000       740000.000       18.4028397    
   10.0000000       750000.000       18.3940601    
   10.0000000       760000.000       18.3854103    
   10.0000000       770000.000       18.3768692    
   10.0000000       780000.000       18.3684502    
   10.0000000       790000.000       18.3601303    
   10.0000000       800000.000       18.3519306    
   10.0000000       810000.000       18.3438301    
   10.0000000       820000.000       18.3358402    
   10.0000000       830000.000       18.3279400    
   10.0000000       840000.000       18.3201408    
   10.0000000       850000.000       18.3124409    
   10.0000000       860000.000       18.3048306    
   10.0000000       870000.000       18.2973194    
   10.0000000       880000.000       18.2898903    
   10.0000000       890000.000       18.2825508    
   10.0000000       900000.000       18.2752895    
   10.0000000       910000.000       18.2681198    
   10.0000000       920000.000       18.2610207    
   10.0000000       930000.000       18.2540092    
   10.0000000       940000.000       18.2470703    
   10.0000000       950000.000       18.2402191    
   10.0000000       960000.000       18.2334309    
   10.0000000       970000.000       18.2267208    
   10.0000000       980000.000       18.2200794    
   10.0000000       990000.000       18.2135105    
   10.0000000       1000000.00       18.2070007    
   10.0000000       1010000.00       18.2005692    
   10.0000000       1020000.00       18.1942005    
   10.0000000       1030000.00       18.1878891    
   10.0000000       1040000.00       18.1816502    
   10.0000000       1050000.00       18.1754704    
   10.0000000       1060000.00       18.1693497    
   10.0000000       1070000.00       18.1632900    
   10.0000000       1080000.00       18.1572895    
   10.0000000       1090000.00       18.1513405    
   10.0000000       1100000.00       18.1454506    
   10.0000000       1110000.00       18.1396198    
   10.0000000       1120000.00       18.1338406    
   10.0000000       1130000.00       18.1281109    
   10.0000000       1140000.00       18.1224403    
   10.0000000       1150000.00       18.1168194    
   10.0000000       1160000.00       18.1112404    
   10.0000000       1170000.00       18.1057205    
   10.0000000       1180000.00       18.1002407    
   10.0000000       1190000.00       18.0948200    
   10.0000000       1200000.00       18.0894394    
   10.0000000       1210000.00       18.0841103    
   10.0000000       1220000.00       18.0788193    
   10.0000000       1230000.00       18.0735798    
   10.0000000       1240000.00       18.0683804    
   10.0000000       1250000.00       18.0632191    
   10.0000000       1260000.00       18.0581093    
   10.0000000       1270000.00       18.0530396    
   10.0000000       1280000.00       18.0480099    
   10.0000000       1290000.00       18.0430202    
   10.0000000       1300000.00       18.0380707    
   10.0000000       1310000.00       18.0331593    
   10.0000000       1320000.00       18.0282803    
   10.0000000       1330000.00       18.0234509    
   10.0000000       1340000.00       18.0186596    
   10.0000000       1350000.00       18.0139008    
   10.0000000       1360000.00       18.0091705    
   10.0000000       1370000.00       18.0044899    
   10.0000000       1380000.00       17.9998302    
   10.0000000       1390000.00       17.9952202    
   10.0000000       1400000.00       17.9906292    
   10.0000000       1410000.00       17.9860802    
   10.0000000       1420000.00       17.9815693    
   10.0000000       1430000.00       17.9770908    
   10.0000000       1440000.00       17.9726391    
   10.0000000       1450000.00       17.9682198    
   10.0000000       1460000.00       17.9638309    
   10.0000000       1470000.00       17.9594707    
   10.0000000       1480000.00       17.9551506    
   10.0000000       1490000.00       17.9508495    
   10.0000000       1500000.00       17.9465904    
   10.0000000       1510000.00       17.9423504    
   10.0000000       1520000.00       17.9381409    
   10.0000000       1530000.00       17.9339600    
   10.0000000       1540000.00       17.9298096    
   10.0000000       1550000.00       17.9256897    
   10.0000000       1560000.00       17.9215908    
   10.0000000       1570000.00       17.9175301    
   10.0000000       1580000.00       17.9134808    
   10.0000000       1590000.00       17.9094696    
   10.0000000       1600000.00       17.9054794    
   10.0000000       1610000.00       17.9015198    
   10.0000000       1620000.00       17.8975792    
   10.0000000       1630000.00       17.8936691    
   10.0000000       1640000.00       17.8897800    
   10.0000000       1650000.00       17.8859100    
   10.0000000       1660000.00       17.8820705    
   10.0000000       1670000.00       17.8782597    
   10.0000000       1680000.00       17.8744698    
   10.0000000       1690000.00       17.8707008    
   10.0000000       1700000.00       17.8669491    
   10.0000000       1710000.00       17.8632298    
   10.0000000       1720000.00       17.8595295    
   10.0000000       1730000.00       17.8558502    
   10.0000000       1740000.00       17.8521996    
   10.0000000       1750000.00       17.8485603    
   10.0000000       1760000.00       17.8449497    
   10.0000000       1770000.00       17.8413601    
   10.0000000       1780000.00       17.8377800    
   10.0000000       1790000.00       17.8342304    
   10.0000000       1800000.00       17.8306999    
   10.0000000       1810000.00       17.8271904    
   10.0000000       1820000.00       17.8237095    
   10.0000000       1830000.00       17.8202400    
   10.0000000       1840000.00       17.8167896    
   10.0000000       1850000.00       17.8133507    
   10.0000000       1860000.00       17.8099403    
   10.0000000       1870000.00       17.8065491    
   10.0000000       1880000.00       17.8031807    
   10.0000000       1890000.00       17.7998199    
   10.0000000       1900000.00       17.7964802    
   10.0000000       1910000.00       17.7931709    
   10.0000000       1920000.00       17.7898598    
   10.0000000       1930000.00       17.7865791    
   10.0000000       1940000.00       17.7833195    
   10.0000000       1950000.00       17.7800694    
   10.0000000       1960000.00       17.7768402    
   10.0000000       1970000.00       17.7736206    
   10.0000000       1980000.00       17.7704201    
   10.0000000       1990000.00       17.7672405    
   10.0000000       2000000.00       17.7640800    
   10.0000000       2000000.00       17.7640800    
   10.0000000       3000000.00       17.5100002    
   10.0000000       4000000.00       17.3319302    
   10.0000000       5000000.00       17.1950607    
   10.0000000       6000000.00       17.0840302    
   10.0000000       7000000.00       16.9907207    
   10.0000000       8000000.00       16.9102993    
   10.0000000       9000000.00       16.8396797    
   10.0000000       10000000.0       16.7767506    
   10.0000000       11000000.0       16.7200394    
   10.0000000       12000000.0       16.6684303    
   10.0000000       13000000.0       16.6210899    
   10.0000000       14000000.0       16.5773792    
   10.0000000       15000000.0       16.5367908    
   10.0000000       16000000.0       16.4989204    
   10.0000000       17000000.0       16.4634209    
   10.0000000       18000000.0       16.4300194    
   10.0000000       19000000.0       16.3984795    
   10.0000000       20000000.0       16.3686199    
   10.0000000       30000000.0       16.1345005    
   10.0000000       130000000.       15.3154202    
   10.0000000       230000000.       15.0080795    
   10.0000000       330000000.       14.8168001    
   10.0000000       430000000.       14.6780996    
   10.0000000       530000000.       14.5694599    
   10.0000000       630000000.       14.4802599    
   10.0000000       730000000.       14.4046602    
   10.0000000       830000000.       14.3391104    
   10.0000000       930000000.       14.2812700    
   10.0000000       1.03000000E+09   14.2295399    
   10.0000000       1.13000000E+09   14.1827698    
   10.0000000       1.23000000E+09   14.1400995    
   10.0000000       1.33000000E+09   14.1008797    
  -1.00000000       1.00000000       31.9225693    
  -1.00000000       51.0000000       22.9913292    
  -1.00000000       101.000000       21.7166996    
  -1.00000000       151.000000       20.9997902    
  -1.00000000       201.000000       20.5043602    
  -1.00000000       251.000000       20.1276493    
  -1.00000000       301.000000       19.8247509    
  -1.00000000       351.000000       19.5720692    
  -1.00000000       401.000000       19.3557091    
  -1.00000000       451.000000       19.1667900    
  -1.00000000       501.000000       18.9993191    
  -1.00000000       551.000000       18.8490505    
  -1.00000000       601.000000       18.7128792    
  -1.00000000       651.000000       18.5884705    
  -1.00000000       701.000000       18.4740105    
  -1.00000000       751.000000       18.3680706    
  -1.00000000       801.000000       18.2695103    
  -1.00000000       851.000000       18.1774006    
  -1.00000000       901.000000       18.0909805    
  -1.00000000       951.000000       18.0096092    
  -1.00000000       1000.00000       17.9342403    
  -1.00000000       10000.0000       14.7982798    
  -1.00000000       20000.0000       13.9663801    
  -1.00000000       30000.0000       13.5016003    
  -1.00000000       40000.0000       13.1812401    
  -1.00000000       50000.0000       12.9379997    
  -1.00000000       60000.0000       12.7425900    
  -1.00000000       70000.0000       12.5796804    
  -1.00000000       80000.0000       12.4402399    
  -1.00000000       90000.0000       12.3185396    
  -1.00000000       100000.000       12.2106705    
  -1.00000000       110000.000       12.1139202    
  -1.00000000       120000.000       12.0262499    
  -1.00000000       130000.000       11.9461699    
  -1.00000000       140000.000       11.8725004    
  -1.00000000       150000.000       11.8043203    
  -1.00000000       160000.000       11.7409000    
  -1.00000000       170000.000       11.6816397    
  -1.00000000       180000.000       11.6260405    
  -1.00000000       190000.000       11.5736799    
  -1.00000000       200000.000       11.5242395    
  -1.00000000       210000.000       11.4773998    
  -1.00000000       220000.000       11.4329205    
  -1.00000000       230000.000       11.3905697    
  -1.00000000       240000.000       11.3501797    
  -1.00000000       250000.000       11.3115702    
  -1.00000000       260000.000       11.2746000    
  -1.00000000       270000.000       11.2391396    
  -1.00000000       280000.000       11.2050695    
  -1.00000000       290000.000       11.1723003    
  -1.00000000       300000.000       11.1407299    
  -1.00000000       310000.000       11.1102800    
  -1.00000000       320000.000       11.0808697    
  -1.00000000       330000.000       11.0524502    
  -1.00000000       340000.000       11.0249395    
  -1.00000000       350000.000       10.9982996    
  -1.00000000       360000.000       10.9724598    
  -1.00000000       370000.000       10.9474001    
  -1.00000000       380000.000       10.9230604    
  -1.00000000       390000.000       10.8993998    
  -1.00000000       400000.000       10.8763905    
  -1.00000000       410000.000       10.8539896    
  -1.00000000       420000.000       10.8321800    
  -1.00000000       430000.000       10.8109303    
  -1.00000000       440000.000       10.7902002    
  -1.00000000       450000.000       10.7699804    
  -1.00000000       460000.000       10.7502403    
  -1.00000000       470000.000       10.7309599    
  -1.00000000       480000.000       10.7121201    
  -1.00000000       490000.000       10.6936998    
  -1.00000000       500000.000       10.6756802    
  -1.00000000       510000.000       10.6580496    
  -1.00000000       520000.000       10.6407900    
  -1.00000000       530000.000       10.6238804    
  -1.00000000       540000.000       10.6073198    
  -1.00000000       550000.000       10.5910797    
  -1.00000000       560000.000       10.5751696    
  -1.00000000       570000.000       10.5595503    
  -1.00000000       580000.000       10.5442400    
  -1.00000000       590000.000       10.5291996    
  -1.00000000       600000.000       10.5144396    
  -1.00000000       610000.000       10.4999399    
  -1.00000000       620000.000       10.4856997    
  -1.00000000       630000.000       10.4717102    
  -1.00000000       640000.000       10.4579496    
  -1.00000000       650000.000       10.4444199    
  -1.00000000       660000.000       10.4311199    
  -1.00000000       670000.000       10.4180403    
  -1.00000000       680000.000       10.4051600    
  -1.00000000       690000.000       10.3924904    
  -1.00000000       700000.000       10.3800097    
  -1.00000000       710000.000       10.3677301    
  -1.00000000       720000.000       10.3556299    
  -1.00000000       730000.000       10.3437204    
  -1.00000000       740000.000       10.3319798    
  -1.00000000       750000.000       10.3204098    
  -1.00000000       760000.000       10.3090000    
  -1.00000000       770000.000       10.2977600    
  -1.00000000       780000.000       10.2866802    
  -1.00000000       790000.000       10.2757397    
  -1.00000000       800000.000       10.2649603    
  -1.00000000       810000.000       10.2543201    
  -1.00000000       820000.000       10.2438202    
  -1.00000000       830000.000       10.2334700    
  -1.00000000       840000.000       10.2232399    
  -1.00000000       850000.000       10.2131500    
  -1.00000000       860000.000       10.2031803    
  -1.00000000       870000.000       10.1933403    
  -1.00000000       880000.000       10.1836205    
  -1.00000000       890000.000       10.1740198    
  -1.00000000       900000.000       10.1645298    
  -1.00000000       910000.000       10.1551600    
  -1.00000000       920000.000       10.1458998    
  -1.00000000       930000.000       10.1367502    
  -1.00000000       940000.000       10.1277103    
  -1.00000000       950000.000       10.1187601    
  -1.00000000       960000.000       10.1099195    
  -1.00000000       970000.000       10.1011801    
  -1.00000000       980000.000       10.0925398    
  -1.00000000       990000.000       10.0839901    
  -1.00000000       1000000.00       10.0755301    
  -1.00000000       1010000.00       10.0671701    
  -1.00000000       1020000.00       10.0588903    
  -1.00000000       1030000.00       10.0507002    
  -1.00000000       1040000.00       10.0425997    
  -1.00000000       1050000.00       10.0345802    
  -1.00000000       1060000.00       10.0266504    
  -1.00000000       1070000.00       10.0187902    
  -1.00000000       1080000.00       10.0110102    
  -1.00000000       1090000.00       10.0033197    
  -1.00000000       1100000.00       9.99569321    
  -1.00000000       1110000.00       9.98814487    
  -1.00000000       1120000.00       9.98067093    
  -1.00000000       1130000.00       9.97326756    
  -1.00000000       1140000.00       9.96593571    
  -1.00000000       1150000.00       9.95867252    
  -1.00000000       1160000.00       9.95147896    
  -1.00000000       1170000.00       9.94435120    
  -1.00000000       1180000.00       9.93728924    
  -1.00000000       1190000.00       9.93029118    
  -1.00000000       1200000.00       9.92335796    
  -1.00000000       1210000.00       9.91648579    
  -1.00000000       1220000.00       9.90967560    
  -1.00000000       1230000.00       9.90292454    
  -1.00000000       1240000.00       9.89623547    
  -1.00000000       1250000.00       9.88960171    
  -1.00000000       1260000.00       9.88302612    
  -1.00000000       1270000.00       9.87650681    
  -1.00000000       1280000.00       9.87004280    
  -1.00000000       1290000.00       9.86363316    
  -1.00000000       1300000.00       9.85727787    
  -1.00000000       1310000.00       9.85097504    
  -1.00000000       1320000.00       9.84472370    
  -1.00000000       1330000.00       9.83852386    
  -1.00000000       1340000.00       9.83237362    
  -1.00000000       1350000.00       9.82627392    
  -1.00000000       1360000.00       9.82022190    
  -1.00000000       1370000.00       9.81421947    
  -1.00000000       1380000.00       9.80826283    
  -1.00000000       1390000.00       9.80235291    
  -1.00000000       1400000.00       9.79648972    
  -1.00000000       1410000.00       9.79067135    
  -1.00000000       1420000.00       9.78489780    
  -1.00000000       1430000.00       9.77916718    
  -1.00000000       1440000.00       9.77348042    
  -1.00000000       1450000.00       9.76783657    
  -1.00000000       1460000.00       9.76223469    
  -1.00000000       1470000.00       9.75667381    
  -1.00000000       1480000.00       9.75115395    
  -1.00000000       1490000.00       9.74567413    
  -1.00000000       1500000.00       9.74023438    
  -1.00000000       1510000.00       9.73483372    
  -1.00000000       1520000.00       9.72947121    
  -1.00000000       1530000.00       9.72414780    
  -1.00000000       1540000.00       9.71886063    
  -1.00000000       1550000.00       9.71361160    
  -1.00000000       1560000.00       9.70839882    
  -1.00000000       1570000.00       9.70322227    
  -1.00000000       1580000.00       9.69808102    
  -1.00000000       1590000.00       9.69297504    
  -1.00000000       1600000.00       9.68790340    
  -1.00000000       1610000.00       9.68286610    
  -1.00000000       1620000.00       9.67786312    
  -1.00000000       1630000.00       9.67289257    
  -1.00000000       1640000.00       9.66795635    
  -1.00000000       1650000.00       9.66305161    
  -1.00000000       1660000.00       9.65817928    
  -1.00000000       1670000.00       9.65333843    
  -1.00000000       1680000.00       9.64852905    
  -1.00000000       1690000.00       9.64375019    
  -1.00000000       1700000.00       9.63900185    
  -1.00000000       1710000.00       9.63428402    
  -1.00000000       1720000.00       9.62959671    
  -1.00000000       1730000.00       9.62493801    
  -1.00000000       1740000.00       9.62030792    
  -1.00000000       1750000.00       9.61570740    
  -1.00000000       1760000.00       9.61113453    
  -1.00000000       1770000.00       9.60659122    
  -1.00000000       1780000.00       9.60207462    
  -1.00000000       1790000.00       9.59758568    
  -1.00000000       1800000.00       9.59312344    
  -1.00000000       1810000.00       9.58868790    
  -1.00000000       1820000.00       9.58427906    
  -1.00000000       1830000.00       9.57989597    
  -1.00000000       1840000.00       9.57553959    
  -1.00000000       1850000.00       9.57120800    
  -1.00000000       1860000.00       9.56690216    
  -1.00000000       1870000.00       9.56262112    
  -1.00000000       1880000.00       9.55836582    
  -1.00000000       1890000.00       9.55413342    
  -1.00000000       1900000.00       9.54992580    
  -1.00000000       1910000.00       9.54574299    
  -1.00000000       1920000.00       9.54158306    
  -1.00000000       1930000.00       9.53744602    
  -1.00000000       1940000.00       9.53333282    
  -1.00000000       1950000.00       9.52924347    
  -1.00000000       1960000.00       9.52517414    
  -1.00000000       1970000.00       9.52112865    
  -1.00000000       1980000.00       9.51710606    
  -1.00000000       1990000.00       9.51310444    
  -1.00000000       2000000.00       9.50912476    
  -1.00000000       2000000.00       9.50912476    
  -1.00000000       3000000.00       9.19267559    
  -1.00000000       4000000.00       8.97455883    
  -1.00000000       5000000.00       8.80894470    
  -1.00000000       6000000.00       8.67589855    
  -1.00000000       7000000.00       8.56497955    
  -1.00000000       8000000.00       8.47004318    
  -1.00000000       9000000.00       8.38717747    
  -1.00000000       10000000.0       8.31373978    
  -1.00000000       11000000.0       8.24785995    
  -1.00000000       12000000.0       8.18817329    
  -1.00000000       13000000.0       8.13364792    
  -1.00000000       14000000.0       8.08348942    
  -1.00000000       15000000.0       8.03707027    
  -1.00000000       16000000.0       7.99388981    
  -1.00000000       17000000.0       7.95353985    
  -1.00000000       18000000.0       7.91568279    
  -1.00000000       19000000.0       7.88003922    
  -1.00000000       20000000.0       7.84637308    
  -1.00000000       30000000.0       7.58525801    
  -1.00000000       130000000.       6.71141005    
  -1.00000000       230000000.       6.39927483    
  -1.00000000       330000000.       6.20931292    
  -1.00000000       430000000.       6.07362700    
  -1.00000000       530000000.       5.96854305    
  -1.00000000       630000000.       5.88304996    
  -1.00000000       730000000.       5.81114578    
  -1.00000000       830000000.       5.74920607    
  -1.00000000       930000000.       5.69487095    
  -1.00000000       1.03000000E+09   5.64653015    
  -1.00000000       1.13000000E+09   5.60302496    
  -1.00000000       1.23000000E+09   5.56350708    
  -1.00000000       1.33000000E+09   5.52732611    
