   240.000000       25210.0000       12736.6670    
   240.000000       9500.00000       12736.6670    
   240.000000       3500.00000       12736.6670    
   230.000000       107441.000       52411.6680    
   230.000000       28461.0000       52411.6680    
   230.000000       21333.0000       52411.6680    
   220.000000       38970.0000       270221.344    
   220.000000       586000.000       270221.344    
   220.000000       185694.000       270221.344    
   210.000000       923020.000       677951.000    
   210.000000       956833.000       677951.000    
   210.000000       154000.000       677951.000    
   190.000000       1996000.00       1379833.38    
   190.000000       243500.000       1379833.38    
   190.000000       1900000.00       1379833.38    
           1           1           1   100.000000       10700.0000    
           1           1           2   100.000000       39637.0000    
           1           1           3   100.000000       9350.00000    
           1           2           1   90.0000000       64871.0000    
           1           2           2   90.0000000       93498.0000    
           1           2           3   90.0000000       143896.000    
           1           3           1   80.0000000       670275.000    
           1           3           2   80.0000000       702056.000    
           1           3           3   80.0000000       1446527.00    
           1           4           1   75.0000000       4500000.00    
           1           4           2   75.0000000       1700786.00    
           1           4           3   75.0000000       5269524.00    
           1           5           1   0.00000000       0.00000000    
           1           5           2   0.00000000       0.00000000    
           1           5           3   0.00000000       0.00000000    
           2           1           1   210.000000       8400.00000    
           2           1           2   210.000000       7284.00000    
           2           1           3   210.000000       15000.0000    
           2           2           1   200.000000       82000.0000    
           2           2           2   200.000000       214300.000    
           2           2           3   200.000000       99783.0000    
           2           3           1   180.000000       337760.000    
           2           3           2   180.000000       245995.000    
           2           3           3   180.000000       72100.0000    
           2           4           1   150.000000       898645.000    
           2           4           2   150.000000       701093.000    
           2           4           3   150.000000       182123.000    
           2           5           1   140.000000       1204333.00    
           2           5           2   140.000000       1464000.00    
           2           5           3   140.000000       1500000.00    
           3           1           1   200.000000       5500.00000    
           3           1           2   200.000000       2161.00000    
           3           1           3   200.000000       5607.00000    
           3           2           1   180.000000       20776.0000    
           3           2           2   180.000000       11400.0000    
           3           2           3   180.000000       6728.00000    
           3           3           1   170.000000       53626.0000    
           3           3           2   170.000000       33052.0000    
           3           3           3   170.000000       36350.0000    
           3           4           1   160.000000       437115.000    
           3           4           2   160.000000       100184.000    
           3           4           3   160.000000       770046.000    
           3           5           1   150.000000       2357018.00    
           3           5           2   150.000000       431315.000    
           3           5           3   150.000000       225912.000    
           4           1           1   240.000000       25210.0000    
           4           1           2   240.000000       9500.00000    
           4           1           3   240.000000       3500.00000    
           4           2           1   230.000000       107441.000    
           4           2           2   230.000000       28461.0000    
           4           2           3   230.000000       21333.0000    
           4           3           1   220.000000       38970.0000    
           4           3           2   220.000000       586000.000    
           4           3           3   220.000000       185694.000    
           4           4           1   210.000000       923020.000    
           4           4           2   210.000000       956833.000    
           4           4           3   210.000000       154000.000    
           4           5           1   190.000000       1996000.00    
           4           5           2   190.000000       243500.000    
           4           5           3   190.000000       1900000.00    
