  0.100000001       1.00000000       613.819519    
  0.100000001       51.0000000       406.624207    
  0.100000001       101.000000       378.540314    
  0.100000001       151.000000       362.926788    
  0.100000001       201.000000       352.215607    
  0.100000001       251.000000       344.115112    
  0.100000001       301.000000       337.629791    
  0.100000001       351.000000       332.238892    
  0.100000001       401.000000       327.636810    
  0.100000001       451.000000       323.629211    
  0.100000001       501.000000       320.084900    
  0.100000001       551.000000       316.911591    
  0.100000001       601.000000       314.041504    
  0.100000001       651.000000       311.423889    
  0.100000001       701.000000       309.019592    
  0.100000001       751.000000       306.797699    
  0.100000001       801.000000       304.733490    
  0.100000001       851.000000       302.807007    
  0.100000001       901.000000       301.001587    
  0.100000001       951.000000       299.303711    
  0.100000001       1000.00000       297.732910    
  0.100000001       10000.0000       233.931595    
  0.100000001       20000.0000       217.550293    
  0.100000001       30000.0000       208.504898    
  0.100000001       40000.0000       202.316101    
  0.100000001       50000.0000       197.642395    
  0.100000001       60000.0000       193.904099    
  0.100000001       70000.0000       190.798599    
  0.100000001       80000.0000       188.148697    
  0.100000001       90000.0000       185.841797    
  0.100000001       100000.000       183.802307    
  0.100000001       110000.000       181.976593    
  0.100000001       120000.000       180.325699    
  0.100000001       130000.000       178.820297    
  0.100000001       140000.000       177.437698    
  0.100000001       150000.000       176.160095    
  0.100000001       160000.000       174.973297    
  0.100000001       170000.000       173.865799    
  0.100000001       180000.000       172.828094    
  0.100000001       190000.000       171.852097    
  0.100000001       200000.000       170.931305    
  0.100000001       210000.000       170.060104    
  0.100000001       220000.000       169.233505    
  0.100000001       230000.000       168.447403    
  0.100000001       240000.000       167.698196    
  0.100000001       250000.000       166.982697    
  0.100000001       260000.000       166.298203    
  0.100000001       270000.000       165.642105    
  0.100000001       280000.000       165.012405    
  0.100000001       290000.000       164.406998    
  0.100000001       300000.000       163.824295    
  0.100000001       310000.000       163.262604    
  0.100000001       320000.000       162.720596    
  0.100000001       330000.000       162.197006    
  0.100000001       340000.000       161.690704    
  0.100000001       350000.000       161.200500    
  0.100000001       360000.000       160.725601    
  0.100000001       370000.000       160.264999    
  0.100000001       380000.000       159.817993    
  0.100000001       390000.000       159.383804    
  0.100000001       400000.000       158.961700    
  0.100000001       410000.000       158.551102    
  0.100000001       420000.000       158.151398    
  0.100000001       430000.000       157.762100    
  0.100000001       440000.000       157.382706    
  0.100000001       450000.000       157.012695    
  0.100000001       460000.000       156.651703    
  0.100000001       470000.000       156.299194    
  0.100000001       480000.000       155.955002    
  0.100000001       490000.000       155.618500    
  0.100000001       500000.000       155.289597    
  0.100000001       510000.000       154.967804    
  0.100000001       520000.000       154.653000    
  0.100000001       530000.000       154.344696    
  0.100000001       540000.000       154.042801    
  0.100000001       550000.000       153.747101    
  0.100000001       560000.000       153.457199    
  0.100000001       570000.000       153.173004    
  0.100000001       580000.000       152.894196    
  0.100000001       590000.000       152.620697    
  0.100000001       600000.000       152.352295    
  0.100000001       610000.000       152.088806    
  0.100000001       620000.000       151.830002    
  0.100000001       630000.000       151.575699    
  0.100000001       640000.000       151.325897    
  0.100000001       650000.000       151.080399    
  0.100000001       660000.000       150.839005    
  0.100000001       670000.000       150.601593    
  0.100000001       680000.000       150.368103    
  0.100000001       690000.000       150.138397    
  0.100000001       700000.000       149.912292    
  0.100000001       710000.000       149.689697    
  0.100000001       720000.000       149.470596    
  0.100000001       730000.000       149.254807    
  0.100000001       740000.000       149.042297    
  0.100000001       750000.000       148.832901    
  0.100000001       760000.000       148.626495    
  0.100000001       770000.000       148.423203    
  0.100000001       780000.000       148.222702    
  0.100000001       790000.000       148.025101    
  0.100000001       800000.000       147.830200    
  0.100000001       810000.000       147.638000    
  0.100000001       820000.000       147.448395    
  0.100000001       830000.000       147.261307    
  0.100000001       840000.000       147.076706    
  0.100000001       850000.000       146.894501    
  0.100000001       860000.000       146.714706    
  0.100000001       870000.000       146.537094    
  0.100000001       880000.000       146.361801    
  0.100000001       890000.000       146.188705    
  0.100000001       900000.000       146.017700    
  0.100000001       910000.000       145.848801    
  0.100000001       920000.000       145.682007    
  0.100000001       930000.000       145.517105    
  0.100000001       940000.000       145.354202    
  0.100000001       950000.000       145.193207    
  0.100000001       960000.000       145.033997    
  0.100000001       970000.000       144.876694    
  0.100000001       980000.000       144.721100    
  0.100000001       990000.000       144.567307    
  0.100000001       1000000.00       144.415207    
  0.100000001       1010000.00       144.264801    
  0.100000001       1020000.00       144.115997    
  0.100000001       1030000.00       143.968796    
  0.100000001       1040000.00       143.823196    
  0.100000001       1050000.00       143.679092    
  0.100000001       1060000.00       143.536606    
  0.100000001       1070000.00       143.395493    
  0.100000001       1080000.00       143.255798    
  0.100000001       1090000.00       143.117599    
  0.100000001       1100000.00       142.980804    
  0.100000001       1110000.00       142.845306    
  0.100000001       1120000.00       142.711197    
  0.100000001       1130000.00       142.578400    
  0.100000001       1140000.00       142.446899    
  0.100000001       1150000.00       142.316605    
  0.100000001       1160000.00       142.187607    
  0.100000001       1170000.00       142.059906    
  0.100000001       1180000.00       141.933304    
  0.100000001       1190000.00       141.807907    
  0.100000001       1200000.00       141.683701    
  0.100000001       1210000.00       141.560593    
  0.100000001       1220000.00       141.438599    
  0.100000001       1230000.00       141.317703    
  0.100000001       1240000.00       141.197906    
  0.100000001       1250000.00       141.079193    
  0.100000001       1260000.00       140.961502    
  0.100000001       1270000.00       140.844803    
  0.100000001       1280000.00       140.729202    
  0.100000001       1290000.00       140.614502    
  0.100000001       1300000.00       140.500793    
  0.100000001       1310000.00       140.388107    
  0.100000001       1320000.00       140.276306    
  0.100000001       1330000.00       140.165497    
  0.100000001       1340000.00       140.055603    
  0.100000001       1350000.00       139.946503    
  0.100000001       1360000.00       139.838394    
  0.100000001       1370000.00       139.731094    
  0.100000001       1380000.00       139.624695    
  0.100000001       1390000.00       139.519196    
  0.100000001       1400000.00       139.414505    
  0.100000001       1410000.00       139.310593    
  0.100000001       1420000.00       139.207504    
  0.100000001       1430000.00       139.105194    
  0.100000001       1440000.00       139.003693    
  0.100000001       1450000.00       138.903000    
  0.100000001       1460000.00       138.803101    
  0.100000001       1470000.00       138.703903    
  0.100000001       1480000.00       138.605392    
  0.100000001       1490000.00       138.507706    
  0.100000001       1500000.00       138.410706    
  0.100000001       1510000.00       138.314407    
  0.100000001       1520000.00       138.218796    
  0.100000001       1530000.00       138.123901    
  0.100000001       1540000.00       138.029694    
  0.100000001       1550000.00       137.936096    
  0.100000001       1560000.00       137.843307    
  0.100000001       1570000.00       137.751007    
  0.100000001       1580000.00       137.659500    
  0.100000001       1590000.00       137.568497    
  0.100000001       1600000.00       137.478195    
  0.100000001       1610000.00       137.388504    
  0.100000001       1620000.00       137.299500    
  0.100000001       1630000.00       137.210999    
  0.100000001       1640000.00       137.123093    
  0.100000001       1650000.00       137.035904    
  0.100000001       1660000.00       136.949203    
  0.100000001       1670000.00       136.863007    
  0.100000001       1680000.00       136.777496    
  0.100000001       1690000.00       136.692505    
  0.100000001       1700000.00       136.608002    
  0.100000001       1710000.00       136.524200    
  0.100000001       1720000.00       136.440796    
  0.100000001       1730000.00       136.358002    
  0.100000001       1740000.00       136.275696    
  0.100000001       1750000.00       136.193893    
  0.100000001       1760000.00       136.112701    
  0.100000001       1770000.00       136.031906    
  0.100000001       1780000.00       135.951706    
  0.100000001       1790000.00       135.871902    
  0.100000001       1800000.00       135.792694    
  0.100000001       1810000.00       135.713898    
  0.100000001       1820000.00       135.635605    
  0.100000001       1830000.00       135.557800    
  0.100000001       1840000.00       135.480392    
  0.100000001       1850000.00       135.403503    
  0.100000001       1860000.00       135.327103    
  0.100000001       1870000.00       135.251099    
  0.100000001       1880000.00       135.175598    
  0.100000001       1890000.00       135.100494    
  0.100000001       1900000.00       135.025894    
  0.100000001       1910000.00       134.951599    
  0.100000001       1920000.00       134.877899    
  0.100000001       1930000.00       134.804504    
  0.100000001       1940000.00       134.731506    
  0.100000001       1950000.00       134.658997    
  0.100000001       1960000.00       134.586899    
  0.100000001       1970000.00       134.515198    
  0.100000001       1980000.00       134.443802    
  0.100000001       1990000.00       134.372894    
  0.100000001       2000000.00       134.302399    
  0.100000001       2000000.00       134.302399    
  0.100000001       3000000.00       128.718307    
  0.100000001       4000000.00       124.897697    
  0.100000001       5000000.00       122.012497    
  0.100000001       6000000.00       119.704697    
  0.100000001       7000000.00       117.787498    
  0.100000001       8000000.00       116.151604    
  0.100000001       9000000.00       114.727501    
  0.100000001       10000000.0       113.468399    
  0.100000001       11000000.0       112.341400    
  0.100000001       12000000.0       111.322197    
  0.100000001       13000000.0       110.392799    
  0.100000001       14000000.0       109.539299    
  0.100000001       15000000.0       108.750603    
  0.100000001       16000000.0       108.017998    
  0.100000001       17000000.0       107.334297    
  0.100000001       18000000.0       106.693604    
  0.100000001       19000000.0       106.091103    
  0.100000001       20000000.0       105.522697    
  -1.00000000       1.00000000       164.306503    
  -1.00000000       51.0000000       134.100906    
  -1.00000000       101.000000       129.449295    
  -1.00000000       151.000000       126.787399    
  -1.00000000       201.000000       124.927498    
  -1.00000000       251.000000       123.501900    
  -1.00000000       301.000000       122.348198    
  -1.00000000       351.000000       121.380600    
  -1.00000000       401.000000       120.548302    
  -1.00000000       451.000000       119.818604    
  -1.00000000       501.000000       119.169502    
  -1.00000000       551.000000       118.585297    
  -1.00000000       601.000000       118.054298    
  -1.00000000       651.000000       117.567902    
  -1.00000000       701.000000       117.119202    
  -1.00000000       751.000000       116.703102    
  -1.00000000       801.000000       116.315102    
  -1.00000000       851.000000       115.951797    
  -1.00000000       901.000000       115.610199    
  -1.00000000       951.000000       115.288101    
  -1.00000000       1000.00000       114.989197    
  -1.00000000       10000.0000       102.091904    
  -1.00000000       20000.0000       98.5004578    
  -1.00000000       30000.0000       96.4584732    
  -1.00000000       40000.0000       95.0353699    
  -1.00000000       50000.0000       93.9460068    
  -1.00000000       60000.0000       93.0652084    
  -1.00000000       70000.0000       92.3269501    
  -1.00000000       80000.0000       91.6921768    
  -1.00000000       90000.0000       91.1358871    
  -1.00000000       100000.000       90.6411438    
  -1.00000000       110000.000       90.1958923    
  -1.00000000       120000.000       89.7913284    
  -1.00000000       130000.000       89.4207611    
  -1.00000000       140000.000       89.0790405    
  -1.00000000       150000.000       88.7620773    
  -1.00000000       160000.000       88.4665985    
  -1.00000000       170000.000       88.1899338    
  -1.00000000       180000.000       87.9298782    
  -1.00000000       190000.000       87.6845932    
  -1.00000000       200000.000       87.4525299    
  -1.00000000       210000.000       87.2323608    
  -1.00000000       220000.000       87.0229492    
  -1.00000000       230000.000       86.8233185    
  -1.00000000       240000.000       86.6326065    
  -1.00000000       250000.000       86.4500885    
  -1.00000000       260000.000       86.2750931    
  -1.00000000       270000.000       86.1070175    
  -1.00000000       280000.000       85.9453812    
  -1.00000000       290000.000       85.7897034    
  -1.00000000       300000.000       85.6395569    
  -1.00000000       310000.000       85.4946136    
  -1.00000000       320000.000       85.3544769    
  -1.00000000       330000.000       85.2188873    
  -1.00000000       340000.000       85.0875473    
  -1.00000000       350000.000       84.9602127    
  -1.00000000       360000.000       84.8366470    
  -1.00000000       370000.000       84.7166367    
  -1.00000000       380000.000       84.5999908    
  -1.00000000       390000.000       84.4865265    
  -1.00000000       400000.000       84.3760910    
  -1.00000000       410000.000       84.2685165    
  -1.00000000       420000.000       84.1636734    
  -1.00000000       430000.000       84.0614090    
  -1.00000000       440000.000       83.9616165    
  -1.00000000       450000.000       83.8641891    
  -1.00000000       460000.000       83.7690125    
  -1.00000000       470000.000       83.6759872    
  -1.00000000       480000.000       83.5850067    
  -1.00000000       490000.000       83.4960175    
  -1.00000000       500000.000       83.4089127    
  -1.00000000       510000.000       83.3236237    
  -1.00000000       520000.000       83.2400665    
  -1.00000000       530000.000       83.1581879    
  -1.00000000       540000.000       83.0779114    
  -1.00000000       550000.000       82.9991913    
  -1.00000000       560000.000       82.9219589    
  -1.00000000       570000.000       82.8461685    
  -1.00000000       580000.000       82.7717590    
  -1.00000000       590000.000       82.6986771    
  -1.00000000       600000.000       82.6269073    
  -1.00000000       610000.000       82.5563736    
  -1.00000000       620000.000       82.4870529    
  -1.00000000       630000.000       82.4188766    
  -1.00000000       640000.000       82.3518524    
  -1.00000000       650000.000       82.2859116    
  -1.00000000       660000.000       82.2210236    
  -1.00000000       670000.000       82.1571732    
  -1.00000000       680000.000       82.0943069    
  -1.00000000       690000.000       82.0324097    
  -1.00000000       700000.000       81.9714508    
  -1.00000000       710000.000       81.9113998    
  -1.00000000       720000.000       81.8522263    
  -1.00000000       730000.000       81.7939224    
  -1.00000000       740000.000       81.7364426    
  -1.00000000       750000.000       81.6797791    
  -1.00000000       760000.000       81.6239014    
  -1.00000000       770000.000       81.5687866    
  -1.00000000       780000.000       81.5144272    
  -1.00000000       790000.000       81.4608002    
  -1.00000000       800000.000       81.4078827    
  -1.00000000       810000.000       81.3556366    
  -1.00000000       820000.000       81.3040771    
  -1.00000000       830000.000       81.2531815    
  -1.00000000       840000.000       81.2029190    
  -1.00000000       850000.000       81.1532822    
  -1.00000000       860000.000       81.1042633    
  -1.00000000       870000.000       81.0558319    
  -1.00000000       880000.000       81.0079880    
  -1.00000000       890000.000       80.9607086    
  -1.00000000       900000.000       80.9139786    
  -1.00000000       910000.000       80.8677979    
  -1.00000000       920000.000       80.8221512    
  -1.00000000       930000.000       80.7770233    
  -1.00000000       940000.000       80.7323990    
  -1.00000000       950000.000       80.6882706    
  -1.00000000       960000.000       80.6446304    
  -1.00000000       970000.000       80.6014633    
  -1.00000000       980000.000       80.5587616    
  -1.00000000       990000.000       80.5165176    
  -1.00000000       1000000.00       80.4747162    
  -1.00000000       1010000.00       80.4333572    
  -1.00000000       1020000.00       80.3924332    
  -1.00000000       1030000.00       80.3519135    
  -1.00000000       1040000.00       80.3118134    
  -1.00000000       1050000.00       80.2721176    
  -1.00000000       1060000.00       80.2328110    
  -1.00000000       1070000.00       80.1939011    
  -1.00000000       1080000.00       80.1553574    
  -1.00000000       1090000.00       80.1172104    
  -1.00000000       1100000.00       80.0794067    
  -1.00000000       1110000.00       80.0419769    
  -1.00000000       1120000.00       80.0048981    
  -1.00000000       1130000.00       79.9681625    
  -1.00000000       1140000.00       79.9317703    
  -1.00000000       1150000.00       79.8957138    
  -1.00000000       1160000.00       79.8599777    
  -1.00000000       1170000.00       79.8245697    
  -1.00000000       1180000.00       79.7894821    
  -1.00000000       1190000.00       79.7546997    
  -1.00000000       1200000.00       79.7202225    
  -1.00000000       1210000.00       79.6860504    
  -1.00000000       1220000.00       79.6521683    
  -1.00000000       1230000.00       79.6185837    
  -1.00000000       1240000.00       79.5852814    
  -1.00000000       1250000.00       79.5522614    
  -1.00000000       1260000.00       79.5195236    
  -1.00000000       1270000.00       79.4870529    
  -1.00000000       1280000.00       79.4548416    
  -1.00000000       1290000.00       79.4228973    
  -1.00000000       1300000.00       79.3912201    
  -1.00000000       1310000.00       79.3597870    
  -1.00000000       1320000.00       79.3286209    
  -1.00000000       1330000.00       79.2976990    
  -1.00000000       1340000.00       79.2670135    
  -1.00000000       1350000.00       79.2365723    
  -1.00000000       1360000.00       79.2063599    
  -1.00000000       1370000.00       79.1763916    
  -1.00000000       1380000.00       79.1466370    
  -1.00000000       1390000.00       79.1171265    
  -1.00000000       1400000.00       79.0878296    
  -1.00000000       1410000.00       79.0587463    
  -1.00000000       1420000.00       79.0298767    
  -1.00000000       1430000.00       79.0012436    
  -1.00000000       1440000.00       78.9728012    
  -1.00000000       1450000.00       78.9445572    
  -1.00000000       1460000.00       78.9165421    
  -1.00000000       1470000.00       78.8887177    
  -1.00000000       1480000.00       78.8610764    
  -1.00000000       1490000.00       78.8336563    
  -1.00000000       1500000.00       78.8064117    
  -1.00000000       1510000.00       78.7793732    
  -1.00000000       1520000.00       78.7525024    
  -1.00000000       1530000.00       78.7258301    
  -1.00000000       1540000.00       78.6993332    
  -1.00000000       1550000.00       78.6730194    
  -1.00000000       1560000.00       78.6468811    
  -1.00000000       1570000.00       78.6209335    
  -1.00000000       1580000.00       78.5951385    
  -1.00000000       1590000.00       78.5695190    
  -1.00000000       1600000.00       78.5440826    
  -1.00000000       1610000.00       78.5187988    
  -1.00000000       1620000.00       78.4936829    
  -1.00000000       1630000.00       78.4687271    
  -1.00000000       1640000.00       78.4439392    
  -1.00000000       1650000.00       78.4192963    
  -1.00000000       1660000.00       78.3948288    
  -1.00000000       1670000.00       78.3705063    
  -1.00000000       1680000.00       78.3463364    
  -1.00000000       1690000.00       78.3223114    
  -1.00000000       1700000.00       78.2984467    
  -1.00000000       1710000.00       78.2747192    
  -1.00000000       1720000.00       78.2511368    
  -1.00000000       1730000.00       78.2277069    
  -1.00000000       1740000.00       78.2044067    
  -1.00000000       1750000.00       78.1812668    
  -1.00000000       1760000.00       78.1582565    
  -1.00000000       1770000.00       78.1353836    
  -1.00000000       1780000.00       78.1126404    
  -1.00000000       1790000.00       78.0900269    
  -1.00000000       1800000.00       78.0675583    
  -1.00000000       1810000.00       78.0452118    
  -1.00000000       1820000.00       78.0230026    
  -1.00000000       1830000.00       78.0009232    
  -1.00000000       1840000.00       77.9789581    
  -1.00000000       1850000.00       77.9571228    
  -1.00000000       1860000.00       77.9354172    
  -1.00000000       1870000.00       77.9138336    
  -1.00000000       1880000.00       77.8923569    
  -1.00000000       1890000.00       77.8710175    
  -1.00000000       1900000.00       77.8497772    
  -1.00000000       1910000.00       77.8286667    
  -1.00000000       1920000.00       77.8076782    
  -1.00000000       1930000.00       77.7867966    
  -1.00000000       1940000.00       77.7660294    
  -1.00000000       1950000.00       77.7453766    
  -1.00000000       1960000.00       77.7248383    
  -1.00000000       1970000.00       77.7043991    
  -1.00000000       1980000.00       77.6840668    
  -1.00000000       1990000.00       77.6638565    
  -1.00000000       2000000.00       77.6437531    
  -1.00000000       2000000.00       77.6437531    
  -1.00000000       3000000.00       76.0341263    
  -1.00000000       4000000.00       74.9123688    
  -1.00000000       5000000.00       74.0536728    
  -1.00000000       6000000.00       73.3593826    
  -1.00000000       7000000.00       72.7774429    
  -1.00000000       8000000.00       72.2770691    
  -1.00000000       9000000.00       71.8385696    
  -1.00000000       10000000.0       71.4485779    
  -1.00000000       11000000.0       71.0976105    
  -1.00000000       12000000.0       70.7787094    
  -1.00000000       13000000.0       70.4866104    
  -1.00000000       14000000.0       70.2172394    
  -1.00000000       15000000.0       69.9673920    
  -1.00000000       16000000.0       69.7344818    
  -1.00000000       17000000.0       69.5164032    
  -1.00000000       18000000.0       69.3114090    
  -1.00000000       19000000.0       69.1180573    
  -1.00000000       20000000.0       68.9351273    
   10.0000000       1.00000000       304.523712    
   10.0000000       51.0000000       247.171204    
   10.0000000       101.000000       238.368500    
   10.0000000       151.000000       233.334900    
   10.0000000       201.000000       229.819702    
   10.0000000       251.000000       227.126099    
   10.0000000       301.000000       224.946899    
   10.0000000       351.000000       223.119797    
   10.0000000       401.000000       221.548401    
   10.0000000       451.000000       220.171005    
   10.0000000       501.000000       218.945908    
   10.0000000       551.000000       217.843307    
   10.0000000       601.000000       216.841400    
   10.0000000       651.000000       215.923706    
   10.0000000       701.000000       215.077393    
   10.0000000       751.000000       214.292404    
   10.0000000       801.000000       213.560593    
   10.0000000       851.000000       212.875504    
   10.0000000       901.000000       212.231400    
   10.0000000       951.000000       211.623993    
   10.0000000       1000.00000       211.060394    
   10.0000000       10000.0000       186.782196    
   10.0000000       20000.0000       180.035995    
   10.0000000       30000.0000       176.203293    
   10.0000000       40000.0000       173.533493    
   10.0000000       50000.0000       171.490494    
   10.0000000       60000.0000       169.839203    
   10.0000000       70000.0000       168.455399    
   10.0000000       80000.0000       167.265793    
   10.0000000       90000.0000       166.223495    
   10.0000000       100000.000       165.296600    
   10.0000000       110000.000       164.462601    
   10.0000000       120000.000       163.704895    
   10.0000000       130000.000       163.011002    
   10.0000000       140000.000       162.371094    
   10.0000000       150000.000       161.777695    
   10.0000000       160000.000       161.224503    
   10.0000000       170000.000       160.706604    
   10.0000000       180000.000       160.219894    
   10.0000000       190000.000       159.760803    
   10.0000000       200000.000       159.326508    
   10.0000000       210000.000       158.914398    
   10.0000000       220000.000       158.522598    
   10.0000000       230000.000       158.149094    
   10.0000000       240000.000       157.792297    
   10.0000000       250000.000       157.450806    
   10.0000000       260000.000       157.123398    
   10.0000000       270000.000       156.809006    
   10.0000000       280000.000       156.506607    
   10.0000000       290000.000       156.215393    
   10.0000000       300000.000       155.934601    
   10.0000000       310000.000       155.663498    
   10.0000000       320000.000       155.401398    
   10.0000000       330000.000       155.147797    
   10.0000000       340000.000       154.902206    
   10.0000000       350000.000       154.664093    
   10.0000000       360000.000       154.433105    
   10.0000000       370000.000       154.208694    
   10.0000000       380000.000       153.990601    
   10.0000000       390000.000       153.778397    
   10.0000000       400000.000       153.571899    
   10.0000000       410000.000       153.370804    
   10.0000000       420000.000       153.174805    
   10.0000000       430000.000       152.983597    
   10.0000000       440000.000       152.797104    
   10.0000000       450000.000       152.615005    
   10.0000000       460000.000       152.436996    
   10.0000000       470000.000       152.263199    
   10.0000000       480000.000       152.093094    
   10.0000000       490000.000       151.926804    
   10.0000000       500000.000       151.764008    
   10.0000000       510000.000       151.604599    
   10.0000000       520000.000       151.448395    
   10.0000000       530000.000       151.295395    
   10.0000000       540000.000       151.145401    
   10.0000000       550000.000       150.998306    
   10.0000000       560000.000       150.853897    
   10.0000000       570000.000       150.712296    
   10.0000000       580000.000       150.573303    
   10.0000000       590000.000       150.436707    
   10.0000000       600000.000       150.302597    
   10.0000000       610000.000       150.170807    
   10.0000000       620000.000       150.041306    
   10.0000000       630000.000       149.913895    
   10.0000000       640000.000       149.788696    
   10.0000000       650000.000       149.665497    
   10.0000000       660000.000       149.544205    
   10.0000000       670000.000       149.424896    
   10.0000000       680000.000       149.307495    
   10.0000000       690000.000       149.191895    
   10.0000000       700000.000       149.078003    
   10.0000000       710000.000       148.965805    
   10.0000000       720000.000       148.855301    
   10.0000000       730000.000       148.746307    
   10.0000000       740000.000       148.639008    
   10.0000000       750000.000       148.533096    
   10.0000000       760000.000       148.428696    
   10.0000000       770000.000       148.325806    
   10.0000000       780000.000       148.224304    
   10.0000000       790000.000       148.124100    
   10.0000000       800000.000       148.025208    
   10.0000000       810000.000       147.927704    
   10.0000000       820000.000       147.831406    
   10.0000000       830000.000       147.736298    
   10.0000000       840000.000       147.642395    
   10.0000000       850000.000       147.549698    
   10.0000000       860000.000       147.458206    
   10.0000000       870000.000       147.367706    
   10.0000000       880000.000       147.278397    
   10.0000000       890000.000       147.190094    
   10.0000000       900000.000       147.102798    
   10.0000000       910000.000       147.016602    
   10.0000000       920000.000       146.931305    
   10.0000000       930000.000       146.847107    
   10.0000000       940000.000       146.763702    
   10.0000000       950000.000       146.681305    
   10.0000000       960000.000       146.599792    
   10.0000000       970000.000       146.519196    
   10.0000000       980000.000       146.439499    
   10.0000000       990000.000       146.360596    
   10.0000000       1000000.00       146.282593    
   10.0000000       1010000.00       146.205399    
   10.0000000       1020000.00       146.128906    
   10.0000000       1030000.00       146.053299    
   10.0000000       1040000.00       145.978394    
   10.0000000       1050000.00       145.904297    
   10.0000000       1060000.00       145.830902    
   10.0000000       1070000.00       145.758301    
   10.0000000       1080000.00       145.686295    
   10.0000000       1090000.00       145.615097    
   10.0000000       1100000.00       145.544495    
   10.0000000       1110000.00       145.474594    
   10.0000000       1120000.00       145.405396    
   10.0000000       1130000.00       145.336807    
   10.0000000       1140000.00       145.268906    
   10.0000000       1150000.00       145.201599    
   10.0000000       1160000.00       145.134903    
   10.0000000       1170000.00       145.068802    
   10.0000000       1180000.00       145.003296    
   10.0000000       1190000.00       144.938293    
   10.0000000       1200000.00       144.873993    
   10.0000000       1210000.00       144.810196    
   10.0000000       1220000.00       144.746902    
   10.0000000       1230000.00       144.684204    
   10.0000000       1240000.00       144.622101    
   10.0000000       1250000.00       144.560394    
   10.0000000       1260000.00       144.499298    
   10.0000000       1270000.00       144.438705    
   10.0000000       1280000.00       144.378601    
   10.0000000       1290000.00       144.319000    
   10.0000000       1300000.00       144.259903    
   10.0000000       1310000.00       144.201202    
   10.0000000       1320000.00       144.143005    
   10.0000000       1330000.00       144.085297    
   10.0000000       1340000.00       144.028000    
   10.0000000       1350000.00       143.971207    
   10.0000000       1360000.00       143.914795    
   10.0000000       1370000.00       143.858902    
   10.0000000       1380000.00       143.803406    
   10.0000000       1390000.00       143.748306    
   10.0000000       1400000.00       143.693604    
   10.0000000       1410000.00       143.639297    
   10.0000000       1420000.00       143.585495    
   10.0000000       1430000.00       143.531998    
   10.0000000       1440000.00       143.478897    
   10.0000000       1450000.00       143.426193    
   10.0000000       1460000.00       143.373901    
   10.0000000       1470000.00       143.322006    
   10.0000000       1480000.00       143.270401    
   10.0000000       1490000.00       143.219193    
   10.0000000       1500000.00       143.168396    
   10.0000000       1510000.00       143.117905    
   10.0000000       1520000.00       143.067795    
   10.0000000       1530000.00       143.018005    
   10.0000000       1540000.00       142.968597    
   10.0000000       1550000.00       142.919495    
   10.0000000       1560000.00       142.870697    
   10.0000000       1570000.00       142.822296    
   10.0000000       1580000.00       142.774200    
   10.0000000       1590000.00       142.726395    
   10.0000000       1600000.00       142.678894    
   10.0000000       1610000.00       142.631699    
   10.0000000       1620000.00       142.584793    
   10.0000000       1630000.00       142.538300    
   10.0000000       1640000.00       142.492004    
   10.0000000       1650000.00       142.446106    
   10.0000000       1660000.00       142.400406    
   10.0000000       1670000.00       142.354996    
   10.0000000       1680000.00       142.309906    
   10.0000000       1690000.00       142.265106    
   10.0000000       1700000.00       142.220596    
   10.0000000       1710000.00       142.176300    
   10.0000000       1720000.00       142.132294    
   10.0000000       1730000.00       142.088593    
   10.0000000       1740000.00       142.045105    
   10.0000000       1750000.00       142.001907    
   10.0000000       1760000.00       141.959000    
   10.0000000       1770000.00       141.916306    
   10.0000000       1780000.00       141.873901    
   10.0000000       1790000.00       141.831696    
   10.0000000       1800000.00       141.789795    
   10.0000000       1810000.00       141.748093    
   10.0000000       1820000.00       141.706696    
   10.0000000       1830000.00       141.665497    
   10.0000000       1840000.00       141.624496    
   10.0000000       1850000.00       141.583801    
   10.0000000       1860000.00       141.543304    
   10.0000000       1870000.00       141.503006    
   10.0000000       1880000.00       141.462906    
   10.0000000       1890000.00       141.423096    
   10.0000000       1900000.00       141.383499    
   10.0000000       1910000.00       141.344101    
   10.0000000       1920000.00       141.304993    
   10.0000000       1930000.00       141.266006    
   10.0000000       1940000.00       141.227295    
   10.0000000       1950000.00       141.188705    
   10.0000000       1960000.00       141.150406    
   10.0000000       1970000.00       141.112305    
   10.0000000       1980000.00       141.074402    
   10.0000000       1990000.00       141.036697    
   10.0000000       2000000.00       140.999207    
   10.0000000       2000000.00       140.999207    
   10.0000000       3000000.00       137.997498    
   10.0000000       4000000.00       135.906601    
   10.0000000       5000000.00       134.306595    
   10.0000000       6000000.00       133.013306    
   10.0000000       7000000.00       131.929596    
   10.0000000       8000000.00       130.997894    
   10.0000000       9000000.00       130.181595    
   10.0000000       10000000.0       129.455704    
   10.0000000       11000000.0       128.802505    
   10.0000000       12000000.0       128.209106    
   10.0000000       13000000.0       127.665604    
   10.0000000       14000000.0       127.164497    
   10.0000000       15000000.0       126.699799    
   10.0000000       16000000.0       126.266502    
   10.0000000       17000000.0       125.860901    
   10.0000000       18000000.0       125.479698    
   10.0000000       19000000.0       125.120201    
   10.0000000       20000000.0       124.779999    
