   34.718750000000000        63.117187500000000       0.56858557421609546        1.0000000000000000        99.9922104    
   34.718750000000000        65.226562500000000       0.57960457856399583        6.0000000000000000        99.9454498    
   34.718750000000000        72.960937500000000       0.61560418648905801        11.000000000000000        99.8597183    
   34.718750000000000        75.070312500000000       0.62437663764686002        1879.0000000000000        85.2160721    
   34.718750000000000        77.179687500000000       0.63275762333691432        1.0000000000000000        85.2082748    
   34.718750000000000        79.289062500000000       0.64077277503839625        3.0000000000000000        85.1848984    
   34.718750000000000        84.914062500000000       0.66053013520739445        1052.0000000000000        76.9863205    
   34.718750000000000        89.132812500000000       0.67397843151639636        3.0000000000000000        76.9629440    
   34.718750000000000        91.242187500000000       0.68031076900942389        1.0000000000000000        76.9551468    
   36.156250000000000        61.710937500000000       0.54685205130715753        1.0000000000000000        76.9473572    
   36.156250000000000        63.820312500000000       0.55852332347610423        27.000000000000000        76.7369385    
   36.156250000000000        65.929687500000000       0.56960848135404074        1.0000000000000000        76.7291412    
   36.156250000000000        70.148437500000000       0.59018861241477016        1271.0000000000000        66.8238297    
   36.156250000000000        73.664062500000000       0.60589287234948475        2.0000000000000000        66.8082428    
   36.156250000000000        75.773437500000000       0.61475068675601441        2.0000000000000000        66.7926559    
   36.156250000000000        77.882812500000000       0.62321908328584219        4.0000000000000000        66.7614822    
   36.156250000000000        84.210937500000000       0.64652867944703285        2994.0000000000000        43.4282837    
   36.156250000000000        89.835937500000000       0.66495330485774273        3.0000000000000000        43.4049034    
   36.156250000000000        91.945312500000000       0.67137683732159337        2.0000000000000000        43.3893166    
   37.593750000000000        63.117187500000000       0.54105865522174534        1.0000000000000000        43.3815231    
   37.593750000000000        67.335937500000000       0.56353741496598642        1.0000000000000000        43.3737297    
   37.593750000000000        72.960937500000000       0.59029374201787999        2.0000000000000000        43.3581429    
   37.593750000000000        75.070312500000000       0.59950062421972539        2.0000000000000000        43.3425560    
   37.593750000000000        77.179687500000000       0.60830280830280836        44.000000000000000        42.9996490    
   37.593750000000000        84.914062500000000       0.63751412429378540        1.0000000000000000        42.9918556    
   37.593750000000000        87.023437500000000       0.64473975636766334        1556.0000000000000        30.8654480    
   37.593750000000000        91.242187500000000       0.65835995740149089        2.0000000000000000        30.8498611    
   40.468750000000000        63.820312500000000       0.51854261548471037        1.0000000000000000        30.8420677    
   40.468750000000000        72.257812500000000       0.56246304586536033        4.0000000000000000        30.8108959    
   40.468750000000000        75.773437500000000       0.57848482382618593        1.0000000000000000        30.8031025    
   40.468750000000000        77.882812500000000       0.58754677920216580        5.0000000000000000        30.7641354    
   40.468750000000000        82.101562500000000       0.60454996564623253        836.00000000000000        24.2489185    
   40.468750000000000        87.726562500000000       0.62515377378970971        60.000000000000000        23.7813187    
   40.468750000000000        89.835937500000000       0.63233728440627446        318.00000000000000        21.3030434    
   41.906250000000000        77.179687500000000       0.57296393599235729        1.0000000000000000        21.2952499    
   41.906250000000000        80.695312500000000       0.58773345630620244        11.000000000000000        21.2095242    
   41.906250000000000        82.804687500000000       0.59611475039530148        27.000000000000000        20.9991035    
   41.906250000000000        89.132812500000000       0.61933148818394712        389.00000000000000        17.9675026    
   41.906250000000000        92.648437500000000       0.63111202805859290        905.00000000000000        10.9145460    
   43.343750000000000        73.664062500000000       0.54535769892649344        5.0000000000000000        10.8755798    
   43.343750000000000        77.882812500000000       0.56462371498077379        18.000000000000000        10.7353001    
   43.343750000000000        79.992187500000000       0.57365711211865067        31.000000000000000        10.4937067    
   43.343750000000000        82.101562500000000       0.58232327034555453        24.000000000000000        10.3066673    
   43.343750000000000        84.210937500000000       0.59064413782926284        9.0000000000000000        10.2365274    
   43.343750000000000        87.726562500000000       0.60379918588873815        2.0000000000000000        10.2209406    
   43.343750000000000        89.835937500000000       0.61129405170601836        543.00000000000000        5.98916721    
   46.218750000000000        65.226562500000000       0.47678429291589275        49.000000000000000        5.60729456    
   46.218750000000000        67.335937500000000       0.48898678414096919        1.0000000000000000        5.59950113    
   46.218750000000000        77.179687500000000       0.53914465996728200        1.0000000000000000        5.59170771    
   46.218750000000000        79.289062500000000       0.54863813229571989        15.000000000000000        5.47480822    
   46.218750000000000        80.695312500000000       0.55475276586136824        166.00000000000000        4.18111658    
   46.218750000000000        82.804687500000000       0.56362026997123249        45.000000000000000        3.83041739    
   46.218750000000000        89.132812500000000       0.58822301106702857        1.0000000000000000        3.82262397    
   46.218750000000000        91.242187500000000       0.59581881533101044        2.0000000000000000        3.80703735    
   47.656250000000000        75.773437500000000       0.52153110047846885        2.0000000000000000        3.79145074    
   47.656250000000000        77.882812500000000       0.53145402872724490        220.00000000000000        2.07692003    
   47.656250000000000        79.992187500000000       0.54097373767777857        60.000000000000000        1.60932076    
   47.656250000000000        82.101562500000000       0.55011431521498633        7.0000000000000000        1.55476761    
   47.656250000000000        86.320312500000000       0.56734520178736081        2.0000000000000000        1.53918087    
   47.656250000000000        89.835937500000000       0.58072719774554948        2.0000000000000000        1.52359426    
   50.531250000000000        77.179687500000000       0.50674902768245245        4.0000000000000000        1.49242103    
   50.531250000000000        79.289062500000000       0.51670029141448115        2.0000000000000000        1.47683430    
   50.531250000000000        80.695312500000000       0.52311435523114347        7.0000000000000000        1.42228115    
   50.531250000000000        84.914062500000000       0.54137417570729629        1.0000000000000000        1.41448784    
   50.531250000000000        87.023437500000000       0.54998956376539354        1.0000000000000000        1.40669441    
   51.968750000000000        48.351562500000000       0.30089332632685228        1.0000000000000000        1.39890110    
   51.968750000000000        58.195312500000000       0.38264501160092812        2.0000000000000000        1.38331449    
   51.968750000000000        72.257812500000000       0.47101391650099411        3.0000000000000000        1.35993457    
   51.968750000000000        77.882812500000000       0.49966152688980814        17.000000000000000        1.22744811    
   51.968750000000000        79.992187500000000       0.50962034647991161        2.0000000000000000        1.21186149    
   51.968750000000000        84.210937500000000       0.52839418645870251        17.000000000000000        1.07937503    
   51.968750000000000        87.726562500000000       0.54297492270697356        30.000000000000000       0.845575333    
   53.406250000000000        79.289062500000000       0.49613031620844694        2.0000000000000000       0.829988718    
   53.406250000000000        82.804687500000000       0.51230648498252118        11.000000000000000       0.744262159    
   56.281250000000000        48.351562500000000       0.26422224491880297        1.0000000000000000       0.736468852    
   56.281250000000000        73.664062500000000       0.44716445399432114        2.0000000000000000       0.720882177    
   56.281250000000000        75.773437500000000       0.45838658747462602        1.0000000000000000       0.713088870    
   56.281250000000000        82.101562500000000       0.48947629508893775        14.000000000000000       0.603982389    
   57.718750000000000        75.070312500000000       0.44463654814703446        3.0000000000000000       0.580602407    
   57.718750000000000        80.695312500000000       0.47315125151536752        25.000000000000000       0.385769397    
   57.718750000000000        82.804687500000000       0.48310361715525074        1.0000000000000000       0.377976060    
   57.718750000000000        84.914062500000000       0.49268694637094002        1.0000000000000000       0.370182753    
   60.593750000000000        75.773437500000000       0.42873978051115857        2.0000000000000000       0.354596108    
   60.593750000000000        79.992187500000000       0.45059148544308281        1.0000000000000000       0.346802801    
   60.593750000000000        84.210937500000000       0.47083304905505896        1.0000000000000000       0.339009464    
   62.031250000000000        68.742187500000000       0.37818153340120597        1.0000000000000000       0.331216156    
   62.031250000000000        72.960937500000000       0.40341122548651298        1.0000000000000000       0.323422819    
   62.031250000000000        79.289062500000000       0.43763722643246683        3.0000000000000000       0.300042868    
   62.031250000000000        82.804687500000000       0.45500720708353359        4.0000000000000000       0.268869579    
   63.468750000000000        58.195312500000000       0.29424029189470935        1.0000000000000000       0.261076272    
   63.468750000000000        77.882812500000000       0.42099636519136197        3.0000000000000000       0.237696290    
   66.343750000000000        80.695312500000000       0.41735849056603769        1.0000000000000000       0.229902968    
   67.781250000000000        53.976562500000000       0.22859429181114965        1.0000000000000000       0.222109646    
   67.781250000000000        58.195312500000000       0.26393484347162133        1.0000000000000000       0.214316338    
   67.781250000000000        75.773437500000000       0.38191921350715963        1.0000000000000000       0.206523016    
   67.781250000000000        79.992187500000000       0.40481580572134179        2.0000000000000000       0.190936372    
   70.656250000000000        56.789062500000000       0.23297430243405981        2.0000000000000000       0.175349727    
   70.656250000000000        75.070312500000000       0.35998867737598195        2.0000000000000000       0.159763083    
   70.656250000000000        77.179687500000000       0.37198805638497334        1.0000000000000000       0.151969761    
   72.093750000000000        49.757812500000000       0.15979240644632609        1.0000000000000000       0.144176438    
   72.093750000000000        73.664062500000000       0.34287545396282848        1.0000000000000000       0.136383116    
   72.093750000000000        79.992187500000000       0.37871137144011313        1.0000000000000000       0.128589794    
   76.406250000000000        75.773437500000000       0.32963191445609707        1.0000000000000000       0.120796479    
   77.843750000000000        63.117187500000000       0.23711813796799630        1.0000000000000000       0.113003157    
   77.843750000000000        70.851562500000000       0.29086897729698946        1.0000000000000000       0.105209835    
   79.281250000000000        70.148437500000000       0.27787660997651753        1.0000000000000000        9.74165127E-02
   80.718750000000000        70.148437500000000       0.26956521739130435        1.0000000000000000        8.96231905E-02
   82.156250000000000        63.117187500000000       0.21151683287096046        1.0000000000000000        8.18298683E-02
   82.156250000000000        68.742187500000000       0.25190296649356192        1.0000000000000000        7.40365535E-02
   83.593750000000000        61.710937500000000       0.19239187863234952        1.0000000000000000        6.62432313E-02
   86.468750000000000        67.335937500000000       0.21797498763513046        1.0000000000000000        5.84499091E-02
   89.343750000000000        65.226562500000000       0.18703348261889530        2.0000000000000000        4.28632647E-02
   92.218750000000000        63.820312500000000       0.16111150593419099        3.0000000000000000        1.94833037E-02
   96.531250000000000        61.710937500000000       0.12225616253463101        1.0000000000000000        1.16899814E-02
   96.531250000000000        65.929687500000000       0.15468290346856395        1.0000000000000000        3.89666064E-03
   125.28125000000000        65.226562500000000        2.0223620700189349E-002  0.50000000000000000        0.00000000    
