 0
  0.1000000    
          50
   613.8195    
  0.1047379    
  0.7596692    
   3.708300    
   6.577884    
   175449.6    
  4.6173851E+11
  4.1213580E+12
  0.8879645    
  0.1000000       1.000000       613.8195       419.6166       1565.169    
  0.1000000       51.00000       406.6242       313.6587       766.4509    
  0.1000000       101.0000       378.5403       298.1254       677.1583    
  0.1000000       151.0000       362.9268       289.3312       629.5787    
  0.1000000       201.0000       352.2156       283.2272       597.8038    
  0.1000000       251.0000       344.1151       278.5702       574.2467    
  0.1000000       301.0000       337.6298       274.8157       555.6808    
  0.1000000       351.0000       332.2389       271.6764       540.4501    
  0.1000000       401.0000       327.6368       268.9831       527.5928    
  0.1000000       451.0000       323.6292       266.6267       516.5064    
  0.1000000       501.0000       320.0849       264.5349       506.7864    
  0.1000000       551.0000       316.9116       262.6550       498.1522    
  0.1000000       601.0000       314.0415       260.9496       490.3980    
  0.1000000       651.0000       311.4239       259.3891       483.3728    
  0.1000000       701.0000       309.0196       257.9512       476.9598    
  0.1000000       751.0000       306.7977       256.6191       471.0664    
  0.1000000       801.0000       304.7335       255.3792       465.6186    
  0.1000000       851.0000       302.8070       254.2186       460.5605    
  0.1000000       901.0000       301.0016       253.1287       455.8426    
  0.1000000       951.0000       299.3037       252.1017       451.4243    
  0.1000000       1000.000       297.7329       251.1492       447.3541    
  0.1000000       10000.00       233.9316       210.5085       296.2806    
  0.1000000       20000.00       217.5503       199.1107       262.3809    
  0.1000000       30000.00       208.5049       192.4830       244.6943    
  0.1000000       40000.00       202.3161       187.7437       233.0853    
  0.1000000       50000.00       197.6424       184.0160       224.6226    
  0.1000000       60000.00       193.9041       180.9162       218.0681    
  0.1000000       70000.00       190.7986       178.2448       212.7848    
  0.1000000       80000.00       188.1487       175.8834       208.4056    
  0.1000000       90000.00       185.8418       173.7591       204.6969    
  0.1000000       100000.0       183.8023       171.8206       201.5058    
  0.1000000       110000.0       181.9766       170.0343       198.7220    
  0.1000000       120000.0       180.3257       168.3730       196.2687    
  0.1000000       130000.0       178.8203       166.8196       194.0844    
  0.1000000       140000.0       177.4377       165.3578       192.1260    
  0.1000000       150000.0       176.1601       163.9784       190.3556    
  0.1000000       160000.0       174.9733       162.6705       188.7464    
  0.1000000       170000.0       173.8658       161.4275       187.2752    
  0.1000000       180000.0       172.8281       160.2425       185.9239    
  0.1000000       190000.0       171.8521       159.1112       184.6758    
  0.1000000       200000.0       170.9313       158.0283       183.5193    
  0.1000000       210000.0       170.0601       156.9898       182.4436    
  0.1000000       220000.0       169.2335       155.9930       181.4391    
  0.1000000       230000.0       168.4474       155.0350       180.4977    
  0.1000000       240000.0       167.6982       154.1119       179.6142    
  0.1000000       250000.0       166.9827       153.2228       178.7812    
  0.1000000       260000.0       166.2982       152.3644       177.9951    
  0.1000000       270000.0       165.6421       151.5361       177.2499    
  0.1000000       280000.0       165.0124       150.7350       176.5430    
  0.1000000       290000.0       164.4070       149.9594       175.8716    
  0.1000000       300000.0       163.8243       149.2089       175.2311    
  0.1000000       310000.0       163.2626       148.4815       174.6199    
  0.1000000       320000.0       162.7206       147.7756       174.0359    
  0.1000000       330000.0       162.1970       147.0901       173.4771    
  0.1000000       340000.0       161.6907       146.4247       172.9406    
  0.1000000       350000.0       161.2005       145.7782       172.4253    
  0.1000000       360000.0       160.7256       145.1492       171.9299    
  0.1000000       370000.0       160.2650       144.5367       171.4536    
  0.1000000       380000.0       159.8180       143.9406       170.9939    
  0.1000000       390000.0       159.3838       143.3602       170.5502    
  0.1000000       400000.0       158.9617       142.7941       170.1219    
  0.1000000       410000.0       158.5511       142.2419       169.7077    
  0.1000000       420000.0       158.1514       141.7036       169.3063    
  0.1000000       430000.0       157.7621       141.1777       168.9180    
  0.1000000       440000.0       157.3827       140.6641       168.5414    
  0.1000000       450000.0       157.0127       140.1624       168.1758    
  0.1000000       460000.0       156.6517       139.6718       167.8211    
  0.1000000       470000.0       156.2992       139.1925       167.4758    
  0.1000000       480000.0       155.9550       138.7230       167.1408    
  0.1000000       490000.0       155.6185       138.2639       166.8140    
  0.1000000       500000.0       155.2896       137.8142       166.4965    
  0.1000000       510000.0       154.9678       137.3739       166.1868    
  0.1000000       520000.0       154.6530       136.9427       165.8847    
  0.1000000       530000.0       154.3447       136.5196       165.5906    
  0.1000000       540000.0       154.0428       136.1054       165.3028    
  0.1000000       550000.0       153.7471       135.6991       165.0218    
  0.1000000       560000.0       153.4572       135.3004       164.7476    
  0.1000000       570000.0       153.1730       134.9091       164.4797    
  0.1000000       580000.0       152.8942       134.5252       164.2174    
  0.1000000       590000.0       152.6207       134.1479       163.9612    
  0.1000000       600000.0       152.3523       133.7775       163.7105    
  0.1000000       610000.0       152.0888       133.4138       163.4645    
  0.1000000       620000.0       151.8300       133.0567       163.2236    
  0.1000000       630000.0       151.5757       132.7054       162.9877    
  0.1000000       640000.0       151.3259       132.3600       162.7565    
  0.1000000       650000.0       151.0804       132.0203       162.5299    
  0.1000000       660000.0       150.8390       131.6865       162.3072    
  0.1000000       670000.0       150.6016       131.3581       162.0887    
  0.1000000       680000.0       150.3681       131.0346       161.8747    
  0.1000000       690000.0       150.1384       130.7163       161.6644    
  0.1000000       700000.0       149.9123       130.4030       161.4580    
  0.1000000       710000.0       149.6897       130.0945       161.2551    
  0.1000000       720000.0       149.4706       129.7910       161.0553    
  0.1000000       730000.0       149.2548       129.4918       160.8594    
  0.1000000       740000.0       149.0423       129.1973       160.6665    
  0.1000000       750000.0       148.8329       128.9068       160.4769    
  0.1000000       760000.0       148.6265       128.6204       160.2906    
  0.1000000       770000.0       148.4232       128.3385       160.1068    
  0.1000000       780000.0       148.2227       128.0606       159.9259    
  0.1000000       790000.0       148.0251       127.7863       159.7481    
  0.1000000       800000.0       147.8302       127.5157       159.5733    
  0.1000000       810000.0       147.6380       127.2490       159.4008    
  0.1000000       820000.0       147.4484       126.9858       159.2310    
  0.1000000       830000.0       147.2613       126.7262       159.0634    
  0.1000000       840000.0       147.0767       126.4701       158.8984    
  0.1000000       850000.0       146.8945       126.2172       158.7360    
  0.1000000       860000.0       146.7147       125.9679       158.5753    
  0.1000000       870000.0       146.5371       125.7213       158.4175    
  0.1000000       880000.0       146.3618       125.4779       158.2619    
  0.1000000       890000.0       146.1887       125.2379       158.1079    
  0.1000000       900000.0       146.0177       125.0006       157.9561    
  0.1000000       910000.0       145.8488       124.7662       157.8067    
  0.1000000       920000.0       145.6820       124.5348       157.6588    
  0.1000000       930000.0       145.5171       124.3061       157.5130    
  0.1000000       940000.0       145.3542       124.0800       157.3691    
  0.1000000       950000.0       145.1932       123.8568       157.2269    
  0.1000000       960000.0       145.0340       123.6360       157.0867    
  0.1000000       970000.0       144.8767       123.4178       156.9482    
  0.1000000       980000.0       144.7211       123.2022       156.8111    
  0.1000000       990000.0       144.5673       122.9888       156.6760    
  0.1000000       1000000.       144.4152       122.7780       156.5424    
  0.1000000       1010000.       144.2648       122.5694       156.4106    
  0.1000000       1020000.       144.1160       122.3631       156.2802    
  0.1000000       1030000.       143.9688       122.1595       156.1507    
  0.1000000       1040000.       143.8232       121.9577       156.0233    
  0.1000000       1050000.       143.6791       121.7579       155.8975    
  0.1000000       1060000.       143.5366       121.5607       155.7726    
  0.1000000       1070000.       143.3955       121.3650       155.6498    
  0.1000000       1080000.       143.2558       121.1716       155.5279    
  0.1000000       1090000.       143.1176       120.9803       155.4073    
  0.1000000       1100000.       142.9808       120.7908       155.2882    
  0.1000000       1110000.       142.8453       120.6036       155.1699    
  0.1000000       1120000.       142.7112       120.4179       155.0533    
  0.1000000       1130000.       142.5784       120.2342       154.9377    
  0.1000000       1140000.       142.4469       120.0523       154.8235    
  0.1000000       1150000.       142.3166       119.8722       154.7103    
  0.1000000       1160000.       142.1876       119.6938       154.5984    
  0.1000000       1170000.       142.0599       119.5172       154.4875    
  0.1000000       1180000.       141.9333       119.3423       154.3776    
  0.1000000       1190000.       141.8079       119.1690       154.2690    
  0.1000000       1200000.       141.6837       118.9973       154.1615    
  0.1000000       1210000.       141.5606       118.8272       154.0551    
  0.1000000       1220000.       141.4386       118.6588       153.9494    
  0.1000000       1230000.       141.3177       118.4919       153.8450    
  0.1000000       1240000.       141.1979       118.3266       153.7414    
  0.1000000       1250000.       141.0792       118.1628       153.6388    
  0.1000000       1260000.       140.9615       118.0001       153.5374    
  0.1000000       1270000.       140.8448       117.8393       153.4366    
  0.1000000       1280000.       140.7292       117.6798       153.3370    
  0.1000000       1290000.       140.6145       117.5216       153.2382    
  0.1000000       1300000.       140.5008       117.3647       153.1404    
  0.1000000       1310000.       140.3881       117.2095       153.0432    
  0.1000000       1320000.       140.2763       117.0554       152.9471    
  0.1000000       1330000.       140.1655       116.9027       152.8517    
  0.1000000       1340000.       140.0556       116.7513       152.7571    
  0.1000000       1350000.       139.9465       116.6011       152.6634    
  0.1000000       1360000.       139.8384       116.4521       152.5707    
  0.1000000       1370000.       139.7311       116.3045       152.4786    
  0.1000000       1380000.       139.6247       116.1583       152.3871    
  0.1000000       1390000.       139.5192       116.0130       152.2965    
  0.1000000       1400000.       139.4145       115.8688       152.2069    
  0.1000000       1410000.       139.3106       115.7260       152.1177    
  0.1000000       1420000.       139.2075       115.5843       152.0293    
  0.1000000       1430000.       139.1052       115.4437       151.9416    
  0.1000000       1440000.       139.0037       115.3042       151.8548    
  0.1000000       1450000.       138.9030       115.1656       151.7689    
  0.1000000       1460000.       138.8031       115.0284       151.6832    
  0.1000000       1470000.       138.7039       114.8921       151.5984    
  0.1000000       1480000.       138.6054       114.7569       151.5142    
  0.1000000       1490000.       138.5077       114.6227       151.4306    
  0.1000000       1500000.       138.4107       114.4897       151.3476    
  0.1000000       1510000.       138.3144       114.3576       151.2652    
  0.1000000       1520000.       138.2188       114.2264       151.1837    
  0.1000000       1530000.       138.1239       114.0961       151.1030    
  0.1000000       1540000.       138.0297       113.9669       151.0225    
  0.1000000       1550000.       137.9361       113.8388       150.9425    
  0.1000000       1560000.       137.8433       113.7114       150.8634    
  0.1000000       1570000.       137.7510       113.5852       150.7845    
  0.1000000       1580000.       137.6595       113.4597       150.7066    
  0.1000000       1590000.       137.5685       113.3352       150.6290    
  0.1000000       1600000.       137.4782       113.2114       150.5522    
  0.1000000       1610000.       137.3885       113.0888       150.4757    
  0.1000000       1620000.       137.2995       112.9667       150.4000    
  0.1000000       1630000.       137.2110       112.8456       150.3247    
  0.1000000       1640000.       137.1231       112.7253       150.2501    
  0.1000000       1650000.       137.0359       112.6061       150.1757    
  0.1000000       1660000.       136.9492       112.4875       150.1020    
  0.1000000       1670000.       136.8630       112.3698       150.0288    
  0.1000000       1680000.       136.7775       112.2528       149.9562    
  0.1000000       1690000.       136.6925       112.1366       149.8840    
  0.1000000       1700000.       136.6080       112.0213       149.8120    
  0.1000000       1710000.       136.5242       111.9069       149.7407    
  0.1000000       1720000.       136.4408       111.7930       149.6700    
  0.1000000       1730000.       136.3580       111.6799       149.5996    
  0.1000000       1740000.       136.2757       111.5674       149.5300    
  0.1000000       1750000.       136.1939       111.4560       149.4604    
  0.1000000       1760000.       136.1127       111.3452       149.3914    
  0.1000000       1770000.       136.0319       111.2350       149.3230    
  0.1000000       1780000.       135.9517       111.1255       149.2550    
  0.1000000       1790000.       135.8719       111.0167       149.1875    
  0.1000000       1800000.       135.7927       110.9089       149.1200    
  0.1000000       1810000.       135.7139       110.8015       149.0534    
  0.1000000       1820000.       135.6356       110.6947       148.9871    
  0.1000000       1830000.       135.5578       110.5887       148.9213    
  0.1000000       1840000.       135.4804       110.4833       148.8558    
  0.1000000       1850000.       135.4035       110.3787       148.7906    
  0.1000000       1860000.       135.3271       110.2747       148.7258    
  0.1000000       1870000.       135.2511       110.1712       148.6617    
  0.1000000       1880000.       135.1756       110.0685       148.5977    
  0.1000000       1890000.       135.1005       109.9663       148.5342    
  0.1000000       1900000.       135.0259       109.8649       148.4709    
  0.1000000       1910000.       134.9516       109.7641       148.4080    
  0.1000000       1920000.       134.8779       109.6637       148.3457    
  0.1000000       1930000.       134.8045       109.5639       148.2838    
  0.1000000       1940000.       134.7315       109.4647       148.2223    
  0.1000000       1950000.       134.6590       109.3661       148.1610    
  0.1000000       1960000.       134.5869       109.2683       148.0998    
  0.1000000       1970000.       134.5152       109.1710       148.0393    
  0.1000000       1980000.       134.4438       109.0742       147.9790    
  0.1000000       1990000.       134.3729       108.9779       147.9192    
  0.1000000       2000000.       134.3024       108.8820       147.8597    
  0.1000000       2000000.       134.3024       108.8820       147.8597    
  0.1000000       3000000.       128.7183       101.3791       143.1684    
  0.1000000       4000000.       124.8977       96.33947       139.9767    
  0.1000000       5000000.       122.0125       92.59023       137.5699    
  0.1000000       6000000.       119.7047       89.62844       135.6449    
  0.1000000       7000000.       117.7875       87.19408       134.0448    
  0.1000000       8000000.       116.1516       85.13625       132.6780    
  0.1000000       9000000.       114.7275       83.35952       131.4872    
  0.1000000      1.0000000E+07   113.4684       81.80025       130.4330    
  0.1000000      1.1000000E+07   112.3414       80.41399       129.4882    
  0.1000000      1.2000000E+07   111.3222       79.16812       128.6330    
  0.1000000      1.3000000E+07   110.3928       78.03856       127.8522    
  0.1000000      1.4000000E+07   109.5393       77.00666       127.1342    
  0.1000000      1.5000000E+07   108.7506       76.05777       126.4701    
  0.1000000      1.6000000E+07   108.0180       75.18049       125.8526    
  0.1000000      1.7000000E+07   107.3343       74.36539       125.2756    
  0.1000000      1.8000000E+07   106.6936       73.60468       124.7345    
  0.1000000      1.9000000E+07   106.0911       72.89211       124.2251    
  0.1000000      2.0000000E+07   105.5227       72.22229       123.7442    
  0.1000000      3.0000000E+07   101.1352       67.13486       120.0155    
  0.1000000      1.3000000E+08   86.73671       51.50940       107.5277    
  0.1000000      2.3000000E+08   81.70535       46.45365       103.0507    
  0.1000000      3.3000000E+08   78.67361       43.51222       100.3191    
  0.1000000      4.3000000E+08   76.52247       41.47381       98.36423    
  0.1000000      5.3000000E+08   74.86485       39.93091       96.84794    
  0.1000000      6.3000000E+08   73.52176       38.69873       95.61279    
  0.1000000      7.3000000E+08   72.39599       37.67830       94.57286    
  0.1000000      8.3000000E+08   71.42904       36.81098       93.67611    
  0.1000000      9.3000000E+08   70.58302       36.05907       92.88884    
  0.1000000      1.0300000E+09   69.83203       35.39703       92.18784    
  0.1000000      1.1300000E+09   69.15759       34.80688       91.55655    
  0.1000000      1.2300000E+09   68.54610       34.27540       90.98264    
  0.1000000      1.3300000E+09   67.98721       33.79263       90.45699    
 0
  -1.000000    
          50
   164.3065    
  5.1665880E-02
  0.8633271    
   4.256500    
  0.2794611    
   1332221.    
  2.3072558E+13
  5.3413702E+13
  0.5680405    
  -1.000000       1.000000       164.3065       142.6231       209.7341    
  -1.000000       51.00000       134.1009       121.4043       158.9944    
  -1.000000       101.0000       129.4493       118.0413       151.5376    
  -1.000000       151.0000       126.7874       116.1030       147.3166    
  -1.000000       201.0000       124.9275       114.7425       144.3882    
  -1.000000       251.0000       123.5019       113.6961       142.1548    
  -1.000000       301.0000       122.3482       112.8468       140.3553    
  -1.000000       351.0000       121.3806       112.1329       138.8510    
  -1.000000       401.0000       120.5483       111.5175       137.5610    
  -1.000000       451.0000       119.8186       110.9770       136.4330    
  -1.000000       501.0000       119.1695       110.4954       135.4320    
  -1.000000       551.0000       118.5853       110.0612       134.5328    
  -1.000000       601.0000       118.0543       109.6661       133.7173    
  -1.000000       651.0000       117.5679       109.3038       132.9713    
  -1.000000       701.0000       117.1192       108.9691       132.2846    
  -1.000000       751.0000       116.7031       108.6583       131.6485    
  -1.000000       801.0000       116.3151       108.3683       131.0563    
  -1.000000       851.0000       115.9518       108.0965       130.5025    
  -1.000000       901.0000       115.6102       107.8405       129.9829    
  -1.000000       951.0000       115.2881       107.5991       129.4930    
  -1.000000       1000.000       114.9892       107.3748       129.0391    
  -1.000000       10000.00       102.0919       97.47781       109.9781    
  -1.000000       20000.00       98.50046       94.61002       104.8907    
  -1.000000       30000.00       96.45847       92.94256       102.0565    
  -1.000000       40000.00       95.03537       91.75943       100.1118    
  -1.000000       50000.00       93.94601       90.83956       98.64243    
  -1.000000       60000.00       93.06521       90.08533       97.46821    
  -1.000000       70000.00       92.32695       89.44466       96.49483    
  -1.000000       80000.00       91.69218       88.88694       95.66640    
  -1.000000       90000.00       91.13589       88.39272       94.94712    
  -1.000000       100000.0       90.64114       87.94832       94.31332    
  -1.000000       110000.0       90.19589       87.54410       93.74802    
  -1.000000       120000.0       89.79133       87.17341       93.23841    
  -1.000000       130000.0       89.42076       86.83053       92.77551    
  -1.000000       140000.0       89.07904       86.51157       92.35190    
  -1.000000       150000.0       88.76208       86.21310       91.96204    
  -1.000000       160000.0       88.46660       85.93247       91.60135    
  -1.000000       170000.0       88.18993       85.66801       91.26562    
  -1.000000       180000.0       87.92988       85.41732       90.95241    
  -1.000000       190000.0       87.68459       85.17943       90.65868    
  -1.000000       200000.0       87.45253       84.95257       90.38277    
  -1.000000       210000.0       87.23236       84.73587       90.12271    
  -1.000000       220000.0       87.02295       84.52879       89.87646    
  -1.000000       230000.0       86.82332       84.32982       89.64345    
  -1.000000       240000.0       86.63261       84.13896       89.42178    
  -1.000000       250000.0       86.45009       83.95501       89.21107    
  -1.000000       260000.0       86.27509       83.77770       89.01008    
  -1.000000       270000.0       86.10702       83.60667       88.81790    
  -1.000000       280000.0       85.94538       83.44133       88.63406    
  -1.000000       290000.0       85.78970       83.28137       88.45778    
  -1.000000       300000.0       85.63956       83.12652       88.28849    
  -1.000000       310000.0       85.49461       82.97617       88.12592    
  -1.000000       320000.0       85.35448       82.83015       87.96958    
  -1.000000       330000.0       85.21889       82.68833       87.81888    
  -1.000000       340000.0       85.08755       82.55054       87.67338    
  -1.000000       350000.0       84.96021       82.41633       87.53300    
  -1.000000       360000.0       84.83665       82.28571       87.39722    
  -1.000000       370000.0       84.71664       82.15825       87.26600    
  -1.000000       380000.0       84.59999       82.03405       87.13884    
  -1.000000       390000.0       84.48653       81.91276       87.01565    
  -1.000000       400000.0       84.37609       81.79441       86.89612    
  -1.000000       410000.0       84.26852       81.67884       86.78002    
  -1.000000       420000.0       84.16367       81.56551       86.66757    
  -1.000000       430000.0       84.06141       81.45504       86.55793    
  -1.000000       440000.0       83.96162       81.34689       86.45129    
  -1.000000       450000.0       83.86419       81.24072       86.34778    
  -1.000000       460000.0       83.76901       81.13708       86.24664    
  -1.000000       470000.0       83.67599       81.03542       86.14819    
  -1.000000       480000.0       83.58501       80.93587       86.05206    
  -1.000000       490000.0       83.49602       80.83801       85.95851    
  -1.000000       500000.0       83.40891       80.74210       85.86713    
  -1.000000       510000.0       83.32362       80.64784       85.77805    
  -1.000000       520000.0       83.24007       80.55558       85.69073    
  -1.000000       530000.0       83.15819       80.46492       85.60541    
  -1.000000       540000.0       83.07791       80.37566       85.52217    
  -1.000000       550000.0       82.99919       80.28805       85.44064    
  -1.000000       560000.0       82.92196       80.20203       85.36076    
  -1.000000       570000.0       82.84617       80.11729       85.28270    
  -1.000000       580000.0       82.77176       80.03395       85.20625    
  -1.000000       590000.0       82.69868       79.95210       85.13118    
  -1.000000       600000.0       82.62691       79.87157       85.05759    
  -1.000000       610000.0       82.55637       79.79218       84.98559    
  -1.000000       620000.0       82.48705       79.71415       84.91480    
  -1.000000       630000.0       82.41888       79.63725       84.84541    
  -1.000000       640000.0       82.35185       79.56145       84.77737    
  -1.000000       650000.0       82.28591       79.48692       84.71041    
  -1.000000       660000.0       82.22102       79.41336       84.64477    
  -1.000000       670000.0       82.15717       79.34071       84.58047    
  -1.000000       680000.0       82.09431       79.26927       84.51706    
  -1.000000       690000.0       82.03241       79.19896       84.45461    
  -1.000000       700000.0       81.97145       79.12941       84.39345    
  -1.000000       710000.0       81.91140       79.06094       84.33318    
  -1.000000       720000.0       81.85223       78.99334       84.27390    
  -1.000000       730000.0       81.79392       78.92650       84.21575    
  -1.000000       740000.0       81.73644       78.86067       84.15842    
  -1.000000       750000.0       81.67978       78.79563       84.10201    
  -1.000000       760000.0       81.62390       78.73164       84.04623    
  -1.000000       770000.0       81.56879       78.66807       83.99174    
  -1.000000       780000.0       81.51443       78.60576       83.93756    
  -1.000000       790000.0       81.46080       78.54388       83.88458    
  -1.000000       800000.0       81.40788       78.48301       83.83207    
  -1.000000       810000.0       81.35564       78.42273       83.78047    
  -1.000000       820000.0       81.30408       78.36299       83.72977    
  -1.000000       830000.0       81.25318       78.30424       83.67955    
  -1.000000       840000.0       81.20292       78.24593       83.63021    
  -1.000000       850000.0       81.15328       78.18829       83.58161    
  -1.000000       860000.0       81.10426       78.13165       83.53326    
  -1.000000       870000.0       81.05583       78.07533       83.48591    
  -1.000000       880000.0       81.00799       78.01992       83.43893    
  -1.000000       890000.0       80.96071       77.96468       83.39298    
  -1.000000       900000.0       80.91398       77.91041       83.34726    
  -1.000000       910000.0       80.86780       77.85658       83.30225    
  -1.000000       920000.0       80.82215       77.80357       83.25760    
  -1.000000       930000.0       80.77702       77.75082       83.21377    
  -1.000000       940000.0       80.73240       77.69872       83.17043    
  -1.000000       950000.0       80.68827       77.64712       83.12762    
  -1.000000       960000.0       80.64463       77.59617       83.08524    
  -1.000000       970000.0       80.60146       77.54552       83.04353    
  -1.000000       980000.0       80.55876       77.49554       83.00220    
  -1.000000       990000.0       80.51652       77.44609       82.96133    
  -1.000000       1000000.       80.47472       77.39704       82.92098    
  -1.000000       1010000.       80.43336       77.34853       82.88107    
  -1.000000       1020000.       80.39243       77.30042       82.84169    
  -1.000000       1030000.       80.35191       77.25298       82.80249    
  -1.000000       1040000.       80.31181       77.20571       82.76402    
  -1.000000       1050000.       80.27212       77.15913       82.72578    
  -1.000000       1060000.       80.23281       77.11284       82.68804    
  -1.000000       1070000.       80.19390       77.06678       82.65096    
  -1.000000       1080000.       80.15536       77.02140       82.61400    
  -1.000000       1090000.       80.11721       76.97637       82.57749    
  -1.000000       1100000.       80.07941       76.93177       82.54134    
  -1.000000       1110000.       80.04198       76.88766       82.50546    
  -1.000000       1120000.       80.00490       76.84389       82.46999    
  -1.000000       1130000.       79.96816       76.80037       82.43505    
  -1.000000       1140000.       79.93177       76.75733       82.40036    
  -1.000000       1150000.       79.89571       76.71464       82.36604    
  -1.000000       1160000.       79.85998       76.67236       82.33201    
  -1.000000       1170000.       79.82457       76.63053       82.29821    
  -1.000000       1180000.       79.78948       76.58882       82.26496    
  -1.000000       1190000.       79.75470       76.54768       82.23181    
  -1.000000       1200000.       79.72022       76.50680       82.19910    
  -1.000000       1210000.       79.68605       76.46620       82.16675    
  -1.000000       1220000.       79.65217       76.42610       82.13448    
  -1.000000       1230000.       79.61858       76.38604       82.10288    
  -1.000000       1240000.       79.58528       76.34658       82.07126    
  -1.000000       1250000.       79.55226       76.30721       82.04015    
  -1.000000       1260000.       79.51952       76.26836       82.00911    
  -1.000000       1270000.       79.48705       76.22967       81.97846    
  -1.000000       1280000.       79.45484       76.19122       81.94821    
  -1.000000       1290000.       79.42290       76.15341       81.91785    
  -1.000000       1300000.       79.39122       76.11552       81.88814    
  -1.000000       1310000.       79.35979       76.07816       81.85844    
  -1.000000       1320000.       79.32862       76.04099       81.82909    
  -1.000000       1330000.       79.29770       76.00406       81.80006    
  -1.000000       1340000.       79.26701       75.96738       81.77129    
  -1.000000       1350000.       79.23657       75.93117       81.74252    
  -1.000000       1360000.       79.20636       75.89494       81.71433    
  -1.000000       1370000.       79.17639       75.85908       81.68628    
  -1.000000       1380000.       79.14664       75.82359       81.65829    
  -1.000000       1390000.       79.11713       75.78835       81.63056    
  -1.000000       1400000.       79.08783       75.75322       81.60324    
  -1.000000       1410000.       79.05875       75.71856       81.57587    
  -1.000000       1420000.       79.02988       75.68404       81.54883    
  -1.000000       1430000.       79.00124       75.64973       81.52209    
  -1.000000       1440000.       78.97280       75.61560       81.49557    
  -1.000000       1450000.       78.94456       75.58189       81.46906    
  -1.000000       1460000.       78.91654       75.54827       81.44295    
  -1.000000       1470000.       78.88872       75.51492       81.41695    
  -1.000000       1480000.       78.86108       75.48172       81.39127    
  -1.000000       1490000.       78.83366       75.44884       81.36567    
  -1.000000       1500000.       78.80641       75.41617       81.34032    
  -1.000000       1510000.       78.77937       75.38386       81.31495    
  -1.000000       1520000.       78.75250       75.35159       81.28996    
  -1.000000       1530000.       78.72583       75.31940       81.26530    
  -1.000000       1540000.       78.69933       75.28750       81.24077    
  -1.000000       1550000.       78.67302       75.25605       81.21612    
  -1.000000       1560000.       78.64688       75.22458       81.19192    
  -1.000000       1570000.       78.62093       75.19343       81.16774    
  -1.000000       1580000.       78.59514       75.16228       81.14394    
  -1.000000       1590000.       78.56952       75.13152       81.12014    
  -1.000000       1600000.       78.54408       75.10097       81.09646    
  -1.000000       1610000.       78.51880       75.07049       81.07310    
  -1.000000       1620000.       78.49368       75.04025       81.04983    
  -1.000000       1630000.       78.46873       75.01012       81.02681    
  -1.000000       1640000.       78.44394       74.98046       81.00365    
  -1.000000       1650000.       78.41930       74.95058       80.98107    
  -1.000000       1660000.       78.39483       74.92120       80.95831    
  -1.000000       1670000.       78.37051       74.89182       80.93588    
  -1.000000       1680000.       78.34634       74.86264       80.91362    
  -1.000000       1690000.       78.32231       74.83383       80.89128    
  -1.000000       1700000.       78.29845       74.80487       80.86939    
  -1.000000       1710000.       78.27472       74.77634       80.84741    
  -1.000000       1720000.       78.25114       74.74788       80.82568    
  -1.000000       1730000.       78.22771       74.71968       80.80399    
  -1.000000       1740000.       78.20441       74.69158       80.78247    
  -1.000000       1750000.       78.18127       74.66361       80.76115    
  -1.000000       1760000.       78.15826       74.63578       80.74000    
  -1.000000       1770000.       78.13538       74.60811       80.71900    
  -1.000000       1780000.       78.11264       74.58057       80.69810    
  -1.000000       1790000.       78.09003       74.55341       80.67716    
  -1.000000       1800000.       78.06756       74.52607       80.65665    
  -1.000000       1810000.       78.04521       74.49911       80.63605    
  -1.000000       1820000.       78.02300       74.47222       80.61570    
  -1.000000       1830000.       78.00092       74.44554       80.59537    
  -1.000000       1840000.       77.97896       74.41909       80.57506    
  -1.000000       1850000.       77.95712       74.39258       80.55514    
  -1.000000       1860000.       77.93542       74.36630       80.53520    
  -1.000000       1870000.       77.91383       74.34014       80.51542    
  -1.000000       1880000.       77.89236       74.31410       80.49579    
  -1.000000       1890000.       77.87102       74.28837       80.47610    
  -1.000000       1900000.       77.84978       74.26259       80.45670    
  -1.000000       1910000.       77.82867       74.23715       80.43726    
  -1.000000       1920000.       77.80768       74.21168       80.41804    
  -1.000000       1930000.       77.78680       74.18622       80.39908    
  -1.000000       1940000.       77.76603       74.16112       80.38001    
  -1.000000       1950000.       77.74538       74.13603       80.36115    
  -1.000000       1960000.       77.72484       74.11117       80.34235    
  -1.000000       1970000.       77.70440       74.08632       80.32371    
  -1.000000       1980000.       77.68407       74.06171       80.30509    
  -1.000000       1990000.       77.66386       74.03732       80.28646    
  -1.000000       2000000.       77.64375       74.01286       80.26819    
  -1.000000       2000000.       77.64375       74.01286       80.26819    
  -1.000000       3000000.       76.03413       72.04890       78.81422    
  -1.000000       4000000.       74.91237       70.67085       77.81654    
  -1.000000       5000000.       74.05367       69.61256       77.05978    
  -1.000000       6000000.       73.35938       68.75572       76.45130    
  -1.000000       7000000.       72.77744       68.03716       75.94321    
  -1.000000       8000000.       72.27707       67.41911       75.50766    
  -1.000000       9000000.       71.83857       66.87754       75.12677    
  -1.000000      1.0000000E+07   71.44858       66.39588       74.78872    
  -1.000000      1.1000000E+07   71.09761       65.96259       74.48481    
  -1.000000      1.2000000E+07   70.77871       65.56905       74.20901    
  -1.000000      1.3000000E+07   70.48661       65.20873       73.95656    
  -1.000000      1.4000000E+07   70.21724       64.87657       73.72398    
  -1.000000      1.5000000E+07   69.96739       64.56860       73.50842    
  -1.000000      1.6000000E+07   69.73448       64.28164       73.30759    
  -1.000000      1.7000000E+07   69.51640       64.01308       73.11960    
  -1.000000      1.8000000E+07   69.31141       63.76075       72.94297    
  -1.000000      1.9000000E+07   69.11806       63.52279       72.77651    
  -1.000000      2.0000000E+07   68.93513       63.29778       72.61903    
  -1.000000      3.0000000E+07   67.50605       61.54374       71.38985    
  -1.000000      1.3000000E+08   62.58075       55.56408       67.15475    
  -1.000000      2.3000000E+08   60.76293       53.38890       65.58641    
  -1.000000      3.3000000E+08   59.64008       52.05507       64.61510    
  -1.000000      4.3000000E+08   58.83002       51.09760       63.91299    
  -1.000000      5.3000000E+08   58.19791       50.35338       63.36421    
  -1.000000      6.3000000E+08   57.68051       49.74614       62.91441    
  -1.000000      7.3000000E+08   57.24313       49.23420       62.53374    
  -1.000000      8.3000000E+08   56.86470       48.79228       62.20401    
  -1.000000      9.3000000E+08   56.53146       48.40395       61.91337    
  -1.000000      1.0300000E+09   56.23395       48.05786       61.65369    
  -1.000000      1.1300000E+09   55.96539       47.74598       61.41909    
  -1.000000      1.2300000E+09   55.72073       47.46230       61.20522    
  -1.000000      1.3300000E+09   55.49616       47.20226       61.00881    
